#           eng            dos          occup          e_sum
      -10.00000        0.00000        0.00000        0.00000
       -9.96000        0.00000        0.00000        0.00000
       -9.92000        0.00000        0.00000        0.00000
       -9.88000        0.00000        0.00000        0.00000
       -9.84000        0.00000        0.00000        0.00000
       -9.80000        0.00000        0.00000        0.00000
       -9.76000        0.00000        0.00000        0.00000
       -9.72000        0.00000        0.00000        0.00000
       -9.68000        0.00000        0.00000        0.00000
       -9.64000        0.00000        0.00000        0.00000
       -9.60000        0.00000        0.00000        0.00000
       -9.56000        0.00000        0.00000        0.00000
       -9.52000        0.00000        0.00000        0.00000
       -9.48000        0.00000        0.00000        0.00000
       -9.44000        0.00000        0.00000        0.00000
       -9.40000        0.00000        0.00000        0.00000
       -9.36000        0.00000        0.00000        0.00000
       -9.32000        0.00000        0.00000        0.00000
       -9.28000        0.00000        0.00000        0.00000
       -9.24000        0.00000        0.00000        0.00000
       -9.20000        0.00000        0.00000        0.00000
       -9.16000        0.00000        0.00000        0.00000
       -9.12000        0.00000        0.00000        0.00000
       -9.08000        0.00000        0.00000        0.00000
       -9.04000        0.00000        0.00000        0.00000
       -9.00000        0.00000        0.00000        0.00000
       -8.96000        0.00000        0.00000        0.00000
       -8.92000        0.00000        0.00000        0.00000
       -8.88000        0.00000        0.00000        0.00000
       -8.84000        0.00000        0.00000        0.00000
       -8.80000        0.00000        0.00000        0.00000
       -8.76000        0.00000        0.00000        0.00000
       -8.72000        0.00000        0.00000        0.00000
       -8.68000        0.00000        0.00000        0.00000
       -8.64000        0.00000        0.00000        0.00000
       -8.60000        0.00000        0.00000        0.00000
       -8.56000        0.00000        0.00000        0.00000
       -8.52000        0.00000        0.00000        0.00000
       -8.48000        0.00000        0.00000        0.00000
       -8.44000        0.00000        0.00000        0.00000
       -8.40000        0.00000        0.00000        0.00000
       -8.36000        0.00000        0.00000        0.00000
       -8.32000        0.00000        0.00000        0.00000
       -8.28000        0.00000        0.00000        0.00000
       -8.24000        0.00000        0.00000        0.00000
       -8.20000        0.00000        0.00000        0.00000
       -8.16000        0.00000        0.00000        0.00000
       -8.12000        0.00000        0.00000        0.00000
       -8.08000        0.00000        0.00000        0.00000
       -8.04000        0.00000        0.00000        0.00000
       -8.00000        0.00000        0.00000        0.00000
       -7.96000        0.00000        0.00000        0.00000
       -7.92000        0.00000        0.00000        0.00000
       -7.88000        0.00000        0.00000        0.00000
       -7.84000        0.00000        0.00000        0.00000
       -7.80000        0.00000        0.00000        0.00000
       -7.76000        0.00000        0.00000        0.00000
       -7.72000        0.00000        0.00000        0.00000
       -7.68000        0.00000        0.00000        0.00000
       -7.64000        0.00000        0.00000        0.00000
       -7.60000        0.00000        0.00000        0.00000
       -7.56000        0.00000        0.00000        0.00000
       -7.52000        0.00001        0.00000        0.00000
       -7.48000        0.00006        0.00000        0.00000
       -7.44000        0.00020        0.00001        0.00002
       -7.40000        0.00062        0.00002        0.00006
       -7.36000        0.00166        0.00006        0.00017
       -7.32000        0.00383        0.00017        0.00045
       -7.28000        0.00775        0.00039        0.00105
       -7.24000        0.01386        0.00082        0.00218
       -7.20000        0.02214        0.00153        0.00410
       -7.16000        0.03202        0.00261        0.00703
       -7.12000        0.04261        0.00410        0.01110
       -7.08000        0.05300        0.00602        0.01636
       -7.04000        0.06261        0.00833        0.02280
       -7.00000        0.07126        0.01101        0.03034
       -6.96000        0.07908        0.01402        0.03890
       -6.92000        0.08627        0.01733        0.04844
       -6.88000        0.09296        0.02092        0.05891
       -6.84000        0.09916        0.02476        0.07027
       -6.80000        0.10496        0.02884        0.08250
       -6.76000        0.11068        0.03316        0.09558
       -6.72000        0.11649        0.03770        0.10954
       -6.68000        0.12222        0.04248        0.12441
       -6.64000        0.12745        0.04747        0.14015
       -6.60000        0.13213        0.05266        0.15671
       -6.56000        0.13678        0.05804        0.17408
       -6.52000        0.14202        0.06361        0.19231
       -6.48000        0.14782        0.06941        0.21150
       -6.44000        0.15344        0.07544        0.23169
       -6.40000        0.15807        0.08167        0.25281
       -6.36000        0.16177        0.08807        0.27474
       -6.32000        0.16550        0.09461        0.29742
       -6.28000        0.17038        0.10133        0.32097
       -6.24000        0.17653        0.10826        0.34559
       -6.20000        0.18293        0.11545        0.37140
       -6.16000        0.18823        0.12288        0.39835
       -6.12000        0.19189        0.13049        0.42624
       -6.08000        0.19462        0.13822        0.45488
       -6.04000        0.19790        0.14607        0.48427
       -6.00000        0.20301        0.15408        0.51461
       -5.96000        0.21001        0.16233        0.54622
       -5.92000        0.21751        0.17088        0.57932
       -5.88000        0.22363        0.17971        0.61382
       -5.84000        0.22745        0.18874        0.64945
       -5.80000        0.22967        0.19789        0.68588
       -5.76000        0.23204        0.20712        0.72302
       -5.72000        0.23621        0.21648        0.76106
       -5.68000        0.24294        0.22605        0.80039
       -5.64000        0.25157        0.23594        0.84142
       -5.60000        0.26018        0.24618        0.88431
       -5.56000        0.26674        0.25672        0.92890
       -5.52000        0.27045        0.26748        0.97476
       -5.48000        0.27237        0.27833        1.02148
       -5.44000        0.27464        0.28927        1.06898
       -5.40000        0.27912        0.30034        1.11751
       -5.36000        0.28647        0.31164        1.16755
       -5.32000        0.29593        0.32328        1.21958
       -5.28000        0.30558        0.33532        1.27384
       -5.24000        0.31321        0.34770        1.33016
       -5.20000        0.31753        0.36033        1.38805
       -5.16000        0.31916        0.37307        1.44694
       -5.12000        0.32034        0.38585        1.50656
       -5.08000        0.32365        0.39872        1.56709
       -5.04000        0.33067        0.41180        1.62914
       -5.00000        0.34145        0.42523        1.69346
       -4.96000        0.35447        0.43914        1.76067
       -4.92000        0.36717        0.45358        1.83098
       -4.88000        0.37703        0.46848        1.90409
       -4.84000        0.38283        0.48369        1.97931
       -4.80000        0.38540        0.49906        2.05590
       -4.76000        0.38744        0.51451        2.13352
       -4.72000        0.39216        0.53009        2.21241
       -4.68000        0.40162        0.54595        2.29340
       -4.64000        0.41581        0.56229        2.37752
       -4.60000        0.43276        0.57925        2.46559
       -4.56000        0.44951        0.59690        2.55791
       -4.52000        0.46320        0.61517        2.65416
       -4.48000        0.47210        0.63390        2.75350
       -4.44000        0.47672        0.65288        2.85496
       -4.40000        0.48021        0.67202        2.95797
       -4.36000        0.48708        0.69134        3.06281
       -4.32000        0.50079        0.71108        3.17070
       -4.28000        0.52173        0.73151        3.28329
       -4.24000        0.54736        0.75288        3.40196
       -4.20000        0.57369        0.77530        3.52738
       -4.16000        0.59689        0.79873        3.65929
       -4.12000        0.61458        0.82298        3.79674
       -4.08000        0.62698        0.84783        3.93851
       -4.04000        0.63782        0.87312        4.08382
       -4.00000        0.65383        0.89892        4.23314
       -3.96000        0.68240        0.92559        4.38868
       -3.92000        0.72793        0.95374        4.55410
       -3.88000        0.78879        0.98403        4.73344
       -3.84000        0.85759        1.01695        4.92965
       -3.80000        0.92595        1.05263        5.14373
       -3.76000        0.99096        1.09098        5.37523
       -3.72000        1.05779        1.13193        5.62409
       -3.68000        1.13522        1.17574        5.89214
       -3.64000        1.22680        1.22294        6.18286
       -3.60000        1.32484        1.27398        6.49926
       -3.56000        1.41237        1.32879        6.84108
       -3.52000        1.47217        1.38659        7.20358
       -3.48000        1.49651        1.44608        7.57868
       -3.44000        1.49082        1.50591        7.95801
       -3.40000        1.46917        1.56514        8.33576
       -3.36000        1.44538        1.62342        8.70978
       -3.32000        1.42693        1.68084        9.08064
       -3.28000        1.41476        1.73766        9.44991
       -3.24000        1.40649        1.79407        9.81888
       -3.20000        1.39869        1.85018       10.18808
       -3.16000        1.38792        1.90593       10.55710
       -3.12000        1.37267        1.96115       10.92483
       -3.08000        1.35537        2.01571       11.29029
       -3.04000        1.34150        2.06963       11.65363
       -3.00000        1.33603        2.12315       12.01650
       -2.96000        1.34155        2.17666       12.38159
       -2.92000        1.35956        2.23064       12.75212
       -2.88000        1.39175        2.28561       13.13184
       -2.84000        1.43824        2.34217       13.52485
       -2.80000        1.49481        2.40081       13.93477
       -2.76000        1.55359        2.46179       14.36345
       -2.72000        1.60730        2.52503       14.81054
       -2.68000        1.65281        2.59026       15.27419
       -2.64000        1.69019        2.65715       15.75220
       -2.60000        1.71883        2.72536       16.24234
       -2.56000        1.73580        2.79450       16.74176
       -2.52000        1.73929        2.86404       17.24679
       -2.48000        1.73345        2.93351       17.75397
       -2.44000        1.72788        3.00272       18.26201
       -2.40000        1.73034        3.07185       18.77233
       -2.36000        1.74029        3.14125       19.28745
       -2.32000        1.75109        3.21109       19.80862
       -2.28000        1.75959        3.28130       20.33542
       -2.24000        1.77254        3.35191       20.86802
       -2.20000        1.80165        3.42332       21.40972
       -2.16000        1.85078        3.49632       21.96648
       -2.12000        1.90726        3.57149       22.54295
       -2.08000        1.94624        3.64866       23.13765
       -2.04000        1.94607        3.72666       23.74146
       -2.00000        1.90211        3.80376       24.34095
       -1.96000        1.82868        3.87843       24.92434
       -1.92000        1.74896        3.94997       25.48597
       -1.88000        1.68214        4.01853       26.02704
       -1.84000        1.63705        4.08483       26.55319
       -1.80000        1.61412        4.14979       27.07139
       -1.76000        1.61138        4.21423       27.58830
       -1.72000        1.62861        4.27896       28.11029
       -1.68000        1.66645        4.34480       28.64399
       -1.64000        1.72307        4.41253       29.19598
       -1.60000        1.79302        4.48282       29.77170
       -1.56000        1.86976        4.55606       30.37457
       -1.52000        1.94895        4.63243       31.00623
       -1.48000        2.02933        4.71199       31.66746
       -1.44000        2.11166        4.79480       32.35899
       -1.40000        2.19761        4.88097       33.08202
       -1.36000        2.28861        4.97068       33.83833
       -1.32000        2.38351        5.06412       34.62983
       -1.28000        2.47636        5.16134       35.45720
       -1.24000        2.55769        5.26207       36.31838
       -1.20000        2.61978        5.36569       37.20817
       -1.16000        2.66218        5.47139       38.11982
       -1.12000        2.69294        5.57851       39.04792
       -1.08000        2.72456        5.68684       39.99081
       -1.04000        2.76734        5.79663       40.95094
       -1.00000        2.82397        5.90841       41.93310
       -0.96000        2.88890        6.02266       42.94151
       -0.92000        2.95353        6.13952       43.97767
       -0.88000        3.01276        6.25887       45.04058
       -0.84000        3.06594        6.38046       46.12831
       -0.80000        3.11023        6.50403       47.23852
       -0.76000        3.13321        6.62900       48.36616
       -0.72000        3.11258        6.75410       49.49958
       -0.68000        3.02426        6.87710       50.61819
       -0.64000        2.85375        6.99494       51.69382
       -0.60000        2.60520        7.10435       52.69601
       -0.56000        2.30403        7.20265       53.59963
       -0.52000        1.99044        7.28850       54.39185
       -0.48000        1.70560        7.36227       55.07531
       -0.44000        1.47827        7.42573       55.66595
       -0.40000        1.31980        7.48146       56.18728
       -0.36000        1.22759        7.53220       56.66447
       -0.32000        1.19058        7.58040       57.12020
       -0.28000        1.19263        7.62797       57.57215
       -0.24000        1.21540        7.67609       58.03150
       -0.20000        1.24409        7.72527       58.50304
       -0.16000        1.27375        7.77562       58.98775
       -0.12000        1.31167        7.82728       59.48719
       -0.08000        1.37388        7.88088       60.00776
       -0.04000        1.47903        7.93776       60.56288
        0.00000        1.64390        8.00000       61.17318
        0.04000        1.88053        8.07024       61.86523
        0.08000        2.19095        8.15144       62.66887
        0.12000        2.55774        8.24628       63.61139
        0.16000        2.93742        8.35624       64.70808
        0.20000        3.26839        8.48062       65.95272
        0.24000        3.49536        8.61630       67.31460
        0.28000        3.59571        8.75854       68.74663
        0.32000        3.58781        8.90251       70.20081
        0.36000        3.51615        9.04471       71.64234
        0.40000        3.42644        9.18357       73.05519
        0.44000        3.34829        9.31899       74.43872
        0.48000        3.29239        9.45173       75.80026
        0.52000        3.25786        9.58267       77.14881
        0.56000        3.24119        9.71260       78.49227
        0.60000        3.24048        9.84218       79.83750
        0.64000        3.25409        9.97203       81.19084
        0.68000        3.27755       10.10264       82.55744
        0.72000        3.30373       10.23427       83.93997
        0.76000        3.32706       10.36690       85.33828
        0.80000        3.34705       10.50039       86.75097
        0.84000        3.36653       10.63466       88.17729
        0.88000        3.38577       10.76971       89.61732
        0.92000        3.39918       10.90544       91.06997
        0.96000        3.39893       11.04146       92.53099
        1.00000        3.38213       11.17713       93.99357
        1.04000        3.35431       11.31188       95.45148
        1.08000        3.32556       11.44547       96.90213
        1.12000        3.30325       11.57802       98.34690
        1.16000        3.28782       11.70982       99.78888
        1.20000        3.27482       11.84107      101.23010
        1.24000        3.26052       11.97179      102.67061
        1.28000        3.24608       12.10191      104.10984
        1.32000        3.23702       12.23154      105.54886
        1.36000        3.23870       12.36102      106.99140
        1.40000        3.25051       12.49078      108.44243
        1.44000        3.26169       12.62106      109.90441
        1.48000        3.25184       12.75144      111.37259
        1.52000        3.19833       12.88062      112.83200
        1.56000        3.08840       13.00654      114.25914
        1.60000        2.92809       13.12701      115.62871
        1.64000        2.74046       13.24042      116.92230
        1.68000        2.55344       13.34626      118.13356
        1.72000        2.38645       13.44497      119.26733
        1.76000        2.24500       13.53752      120.33414
        1.80000        2.12388       13.62484      121.34435
        1.84000        2.01321       13.70757      122.30469
        1.88000        1.90344       13.78591      123.21724
        1.92000        1.78911       13.85978      124.08054
        1.96000        1.67089       13.92899      124.89199
        2.00000        1.55463       13.99348      125.65070
        2.04000        1.44793       14.05348      126.35907
        2.08000        1.35680       14.10952      127.02287
        2.12000        1.28427       14.16228      127.65008
        2.16000        1.23076       14.21252      128.24949
        2.20000        1.19532       14.26098      128.82982
        2.24000        1.17635       14.30836      129.39924
        2.28000        1.17117       14.35527      129.96500
        2.32000        1.17522       14.40218      130.53268
        2.36000        1.18286       14.44934      131.10532
        2.40000        1.19008       14.49680      131.68355
        2.44000        1.19656       14.54453      132.26696
        2.48000        1.20486       14.59255      132.85580
        2.52000        1.21744       14.64098      133.45167
        2.56000        1.23465       14.69001      134.05691
        2.60000        1.25494       14.73979      134.67351
        2.64000        1.27614       14.79041      135.30250
        2.68000        1.29637       14.84187      135.94391
        2.72000        1.31409       14.89409      136.59690
        2.76000        1.32759       14.94694      137.25985
        2.80000        1.33473       15.00021      137.93015
        2.84000        1.33349       15.05361      138.60405
        2.88000        1.32334       15.10677      139.27709
        2.92000        1.30668       15.15939      139.94522
        2.96000        1.28863       15.21129      140.60634
        3.00000        1.27528       15.26254      141.26130
        3.04000        1.27111       15.31344      141.91379
        3.08000        1.27661       15.36436      142.56883
        3.12000        1.28733       15.41564      143.23043
        3.16000        1.29575       15.46732      143.89934
        3.20000        1.29570       15.51918      144.57259
        3.24000        1.28604       15.57084      145.24523
        3.28000        1.27058       15.62198      145.91307
        3.32000        1.25588       15.67250      146.57474
        3.36000        1.24932       15.72256      147.23260
        3.40000        1.25692       15.77264      147.89269
        3.44000        1.27900       15.82332      148.56294
        3.48000        1.30697       15.87504      149.24912
        3.52000        1.32678       15.92776      149.95062
        3.56000        1.32831       15.98093      150.65998
        3.60000        1.31246       16.03379      151.36716
        3.64000        1.29020       16.08584      152.06555
        3.68000        1.27584       16.13711      152.75562
        3.72000        1.28006       16.18816      153.44485
        3.76000        1.30498       16.23980      154.14435
        3.80000        1.34217       16.29273      154.86351
        3.84000        1.37640       16.34713      155.60494
        3.88000        1.39486       16.40262      156.36317
        3.92000        1.39528       16.45848      157.12846
        3.96000        1.38563       16.51411      157.89283
        4.00000        1.37736       16.56935      158.65400
        4.04000        1.37995       16.62444      159.41555
        4.08000        1.39975       16.67997      160.18545
        4.12000        1.43914       16.73669      160.97424
        4.16000        1.49353       16.79531      161.79200
        4.20000        1.55102       16.85621      162.64407
        4.24000        1.59936       16.91926      163.52858
        4.28000        1.63636       16.98400      164.43926
        4.32000        1.67346       17.05017      165.37266
        4.36000        1.72668       17.11810      166.33378
        4.40000        1.80149       17.18860      167.33430
        4.44000        1.88504       17.26234      168.38375
        4.48000        1.95405       17.33921      169.48064
        4.52000        1.99135       17.41823      170.61117
        4.56000        1.99657       17.49808      171.75635
        4.60000        1.98288       17.57771      172.90133
        4.64000        1.96595       17.65667      174.03997
        4.68000        1.95654       17.73509      175.17385
        4.72000        1.96010       17.81337      176.30912
        4.76000        1.97811       17.89209      177.45396
        4.80000        2.00697       17.97177      178.61606
        4.84000        2.03668       18.05266      179.79910
        4.88000        2.05376       18.13453      180.99962
        4.92000        2.04813       18.21665      182.20686
        4.96000        2.01923       18.29807      183.40675
        5.00000        1.97641       18.37800      184.58792
        5.04000        1.93331       18.45618      185.74617
        5.08000        1.90022       18.53281      186.88466
        5.12000        1.87922       18.60836      188.01033
        5.16000        1.86449       18.68323      189.12883
        5.20000        1.84680       18.75748      190.24104
        5.24000        1.81937       18.83084      191.34276
        5.28000        1.78214       18.90290      192.42766
        5.32000        1.74197       18.97337      193.49156
        5.36000        1.70880       19.04235      194.53565
        5.40000        1.68977       19.11027      195.56658
        5.44000        1.68513       19.17772      196.59334
        5.48000        1.68796       19.24518      197.62281
        5.52000        1.68698       19.31271      198.65614
        5.56000        1.67035       19.37993      199.68717
        5.60000        1.62972       19.44602      200.70332
        5.64000        1.56401       19.50997      201.68891
        5.68000        1.48059       19.57090      202.63023
        5.72000        1.39132       19.62834      203.51977
        5.76000        1.30491       19.68225      204.35678
        5.80000        1.22090       19.73277      205.14316
        5.84000        1.13049       19.77983      205.87757
        5.88000        1.02401       19.82299      206.55242
        5.92000        0.89908       19.86150      207.15602
        5.96000        0.76251       19.89476      207.67817
        6.00000        0.62545       19.92250      208.11471
        6.04000        0.49702       19.94491      208.46807
        6.08000        0.38184       19.96244      208.74503
        6.12000        0.28140       19.97565      208.95422
        6.16000        0.19647       19.98516      209.10493
        6.20000        0.12801       19.99159      209.20710
        6.24000        0.07660       19.99563      209.27127
        6.28000        0.04146       19.99794      209.30805
        6.32000        0.02003       19.99913      209.32700
        6.36000        0.00853       19.99967      209.33569
        6.40000        0.00318       19.99989      209.33919
        6.44000        0.00103       19.99997      209.34042
        6.48000        0.00029       19.99999      209.34080
        6.52000        0.00007       20.00000      209.34089
        6.56000        0.00001       20.00000      209.34092
        6.60000        0.00000       20.00000      209.34092
        6.64000        0.00000       20.00000      209.34092
        6.68000        0.00000       20.00000      209.34092
        6.72000        0.00000       20.00000      209.34092
        6.76000        0.00000       20.00000      209.34092
        6.80000        0.00000       20.00000      209.34092
        6.84000        0.00000       20.00000      209.34092
        6.88000        0.00000       20.00000      209.34092
        6.92000        0.00000       20.00000      209.34092
        6.96000        0.00000       20.00000      209.34092
        7.00000        0.00000       20.00000      209.34092
        7.04000        0.00000       20.00000      209.34092
        7.08000        0.00000       20.00000      209.34092
        7.12000        0.00000       20.00000      209.34092
        7.16000        0.00000       20.00000      209.34092
        7.20000        0.00000       20.00000      209.34092
        7.24000        0.00000       20.00000      209.34092
        7.28000        0.00000       20.00000      209.34092
        7.32000        0.00000       20.00000      209.34092
        7.36000        0.00000       20.00000      209.34092
        7.40000        0.00000       20.00000      209.34092
        7.44000        0.00000       20.00000      209.34092
        7.48000        0.00000       20.00000      209.34092
        7.52000        0.00000       20.00000      209.34092
        7.56000        0.00000       20.00000      209.34092
        7.60000        0.00000       20.00000      209.34092
        7.64000        0.00000       20.00000      209.34092
        7.68000        0.00000       20.00000      209.34092
        7.72000        0.00000       20.00000      209.34092
        7.76000        0.00000       20.00000      209.34092
        7.80000        0.00000       20.00000      209.34092
        7.84000        0.00000       20.00000      209.34092
        7.88000        0.00000       20.00000      209.34092
        7.92000        0.00000       20.00000      209.34092
        7.96000        0.00000       20.00000      209.34092
        8.00000        0.00000       20.00000      209.34092
        8.04000        0.00000       20.00000      209.34092
        8.08000        0.00000       20.00000      209.34092
        8.12000        0.00000       20.00000      209.34092
        8.16000        0.00000       20.00000      209.34092
        8.20000        0.00000       20.00000      209.34092
        8.24000        0.00000       20.00000      209.34092
        8.28000        0.00000       20.00000      209.34092
        8.32000        0.00000       20.00000      209.34092
        8.36000        0.00000       20.00000      209.34092
        8.40000        0.00000       20.00000      209.34092
        8.44000        0.00000       20.00000      209.34092
        8.48000        0.00000       20.00000      209.34092
        8.52000        0.00000       20.00000      209.34092
        8.56000        0.00000       20.00000      209.34092
        8.60000        0.00000       20.00000      209.34092
        8.64000        0.00000       20.00000      209.34092
        8.68000        0.00000       20.00000      209.34092
        8.72000        0.00000       20.00000      209.34092
        8.76000        0.00000       20.00000      209.34092
        8.80000        0.00000       20.00000      209.34092
        8.84000        0.00000       20.00000      209.34092
        8.88000        0.00000       20.00000      209.34092
        8.92000        0.00000       20.00000      209.34092
        8.96000        0.00000       20.00000      209.34092
        9.00000        0.00000       20.00000      209.34092
        9.04000        0.00000       20.00000      209.34092
        9.08000        0.00000       20.00000      209.34092
        9.12000        0.00000       20.00000      209.34092
        9.16000        0.00000       20.00000      209.34092
        9.20000        0.00000       20.00000      209.34092
        9.24000        0.00000       20.00000      209.34092
        9.28000        0.00000       20.00000      209.34092
        9.32000        0.00000       20.00000      209.34092
        9.36000        0.00000       20.00000      209.34092
        9.40000        0.00000       20.00000      209.34092
        9.44000        0.00000       20.00000      209.34092
        9.48000        0.00000       20.00000      209.34092
        9.52000        0.00000       20.00000      209.34092
        9.56000        0.00000       20.00000      209.34092
        9.60000        0.00000       20.00000      209.34092
        9.64000        0.00000       20.00000      209.34092
        9.68000        0.00000       20.00000      209.34092
        9.72000        0.00000       20.00000      209.34092
        9.76000        0.00000       20.00000      209.34092
        9.80000        0.00000       20.00000      209.34092
        9.84000        0.00000       20.00000      209.34092
        9.88000        0.00000       20.00000      209.34092
        9.92000        0.00000       20.00000      209.34092
        9.96000        0.00000       20.00000      209.34092
       10.00000        0.00000       20.00000      209.34092
