 v4.24
  Fe_NM demo on windows
 output  density 
 it                   2
 jspins               1
 jsp                  1
 ntype                1
 Fe
 n                    1
 jri                361
 rmt          2.0000000000000000     
 dx           2.9999999999999999E-002
 ntypsy               1
 nlh                  3
 lh                   0
 0.9065049560560E-04 0.9614495880127E-04 0.1019722495302E-03 0.1081525158210E-03
 0.1147071008442E-03 0.1216586631663E-03 0.1290312212155E-03 0.1368502443412E-03
 0.1451427402516E-03 0.1539373477010E-03 0.1632644347362E-03 0.1731562028439E-03
 0.1836467973391E-03 0.1947724243759E-03 0.2065714749684E-03 0.2190846564444E-03
 0.2323551317692E-03 0.2464286672119E-03 0.2613537888464E-03 0.2771819484137E-03
 0.2939676991008E-03 0.3117688818232E-03 0.3306468226349E-03 0.3506665419240E-03
 0.3718969760903E-03 0.3944112124455E-03 0.4182867381137E-03 0.4436057037618E-03
 0.4704552030317E-03 0.4989275686007E-03 0.5291206858491E-03 0.5611383251690E-03
 0.5950904940113E-03 0.6310938098274E-03 0.6692718951310E-03 0.7097557959767E-03
 0.7526844252223E-03 0.7982050320253E-03 0.8464736991022E-03 0.8976558693701E-03
 0.9519269036793E-03 0.1009472671445E-02 0.1070490176085E-02 0.1135188217286E-02
 0.1203788092221E-02 0.1276524337977E-02 0.1353645517565E-02 0.1435415052024E-02
 0.1522112101264E-02 0.1614032496457E-02 0.1711489726912E-02 0.1814815984568E-02
 0.1924363269366E-02 0.2040504559003E-02 0.2163635046690E-02 0.2294173450788E-02
 0.2432563400393E-02 0.2579274901138E-02 0.2734805885743E-02 0.2899683854061E-02
 0.3074467607644E-02 0.3259749084090E-02 0.3456155296750E-02 0.3664350385618E-02
 0.3885037785585E-02 0.4118962518512E-02 0.4366913615944E-02 0.4629726679613E-02
 0.4908286587265E-02 0.5203530351708E-02 0.5516450141388E-02 0.5848096471208E-02
 0.6199581572739E-02 0.6572082953420E-02 0.6966847154816E-02 0.7385193720478E-02
 0.7828519384459E-02 0.8298302492070E-02 0.8796107664979E-02 0.9323590723338E-02
 0.9882503878186E-02 0.1047470120799E-01 0.1110214443374E-01 0.1176690900782E-01
 0.1247119053217E-01 0.1321731152244E-01 0.1400772853495E-01 0.1484503967447E-01
 0.1573199250109E-01 0.1667149235565E-01 0.1766661112338E-01 0.1872059645668E-01
 0.1983688147824E-01 0.2101909498688E-01 0.2227107218869E-01 0.2359686597741E-01
 0.2500075878817E-01 0.2648727504973E-01 0.2806119426086E-01 0.2972756471742E-01
 0.3149171791688E-01 0.3335928366812E-01 0.3533620593445E-01 0.3742875943839E-01
 0.3964356705743E-01 0.4198761803966E-01 0.4446828706907E-01 0.4709335420994E-01
 0.4987102575994E-01 0.5280995604119E-01 0.5591927015857E-01 0.5920858775353E-01
 0.6268804778135E-01 0.6636833433863E-01 0.7026070356665E-01 0.7437701165462E-01
 0.7872974396519E-01 0.8333204530224E-01 0.8819775133852E-01 0.9334142121759E-01
 0.9877837134121E-01 0.1045247103492E+00 0.1105973752940E+00 0.1170141690080E+00
 0.1237937986543E+00 0.1309559154459E+00 0.1385211555118E+00 0.1465111818780E+00
 0.1549487275238E+00 0.1638576394649E+00 0.1732629237989E+00 0.1831907916428E+00
 0.1936687058728E+00 0.2047254285640E+00 0.2163910690133E+00 0.2286971322052E+00
 0.2416765675673E+00 0.2553638178349E+00 0.2697948678264E+00 0.2850072929007E+00
 0.3010403068459E+00 0.3179348089158E+00 0.3357334296998E+00 0.3544805754813E+00
 0.3742224706976E+00 0.3950071980817E+00 0.4168847360223E+00 0.4399069926337E+00
 0.4641278359843E+00 0.4896031198793E+00 0.5163907045459E+00 0.5445504715108E+00
 0.5741443319066E+00 0.6052362273815E+00 0.6378921227281E+00 0.6721799892798E+00
 0.7081697780612E+00 0.7459333816091E+00 0.7855445833127E+00 0.8270789930540E+00
 0.8706139678559E+00 0.9162285161811E+00 0.9640031844524E+00 0.1014019924300E+01
 0.1066361938979E+01 0.1121113507339E+01 0.1178359783558E+01 0.1238186571431E+01
 0.1300680070653E+01 0.1365926593469E+01 0.1434012251467E+01 0.1505022606720E+01
 0.1579042291784E+01 0.1656154589490E+01 0.1736440976634E+01 0.1819980626647E+01
 0.1906849872945E+01 0.1997121624551E+01 0.2090864743505E+01 0.2188143372497E+01
 0.2289016218766E+01 0.2393535791767E+01 0.2501747591289E+01 0.2613689253714E+01
 0.2729389648708E+01 0.2848867933727E+01 0.2972132564466E+01 0.3099180265870E+01
 0.3229994966892E+01 0.3364546699691E+01 0.3502790473100E+01 0.3644665123159E+01
 0.3790092147374E+01 0.3938974533135E+01 0.4091195585292E+01 0.4246617766976E+01
 0.4405081565949E+01 0.4566404394057E+01 0.4730379542960E+01 0.4896775203682E+01
 0.5065333573436E+01 0.5235770063936E+01 0.5407772636639E+01 0.5581001287857E+01
 0.5755087694825E+01 0.5929635061667E+01 0.6104218187230E+01 0.6278383773315E+01
 0.6451651012608E+01 0.6623512471957E+01 0.6793435302698E+01 0.6960862812259E+01
 0.7125216415373E+01 0.7285897983332E+01 0.7442292637787E+01 0.7593771973602E+01
 0.7739697764194E+01 0.7879426137533E+01 0.8012312237425E+01 0.8137715386418E+01
 0.8255004703495E+01 0.8363565234334E+01 0.8462804485851E+01 0.8552159434471E+01
 0.8631103858033E+01 0.8699156048789E+01 0.8755886755941E+01 0.8800927339520E+01
 0.8833978018552E+01 0.8854816122020E+01 0.8863304226607E+01 0.8859398048585E+01
 0.8843153976561E+01 0.8814736049672E+01 0.8774422240520E+01 0.8722609903248E+01
 0.8659820173305E+01 0.8586701142826E+01 0.8504029642242E+01 0.8412711474883E+01
 0.8313779859711E+01 0.8208392031607E+01 0.8097823723029E+01 0.7983461570793E+01
 0.7866793160794E+01 0.7749394787862E+01 0.7632916881778E+01 0.7519067020596E+01
 0.7409590677625E+01 0.7306249811937E+01 0.7210799388188E+01 0.7124962087343E+01
 0.7050401518411E+01 0.6988694226762E+01 0.6941300767546E+01 0.6909536555458E+01
 0.6894542769173E+01 0.6897257937955E+01 0.6918390635943E+01 0.6958394250100E+01
 0.7017443991283E+01 0.7095417091904E+01 0.7191876815507E+01 0.7306060721470E+01
 0.7436873913389E+01 0.7582887680936E+01 0.7742344070160E+01 0.7913166671414E+01
 0.8092977927441E+01 0.8279123077264E+01 0.8468700556850E+01 0.8658599196558E+01
 0.8845541218491E+01 0.9026131150329E+01 0.9196910106645E+01 0.9354414031857E+01
 0.9495235670451E+01 0.9616088525040E+01 0.9713872441325E+01 0.9785739146385E+01
 0.9829155679732E+01 0.9841965146685E+01 0.9822442992004E+01 0.9769348205827E+01
 0.9681964803050E+01 0.9560137190719E+01 0.9404292624856E+01 0.9215456339698E+01
 0.8995250118519E+01 0.8745880741506E+01 0.8470115102663E+01 0.8171240118477E+01
 0.7853012729278E+01 0.7519593469401E+01 0.7175470972004E+01 0.6825376772197E+01
 0.6474186576637E+01 0.6126822980864E+01 0.5788146099191E+01 0.5462849911747E+01
 0.5155352080913E+01 0.4869695162905E+01 0.4609450101641E+01 0.4377634728934E+01
 0.4176636312744E+01 0.4008161492461E+01 0.3873189750528E+01 0.3771955977635E+01
 0.3703945047783E+01 0.3667906512768E+01 0.3661892862475E+01 0.3683311530603E+01
 0.3729002284369E+01 0.3795323852051E+01 0.3878255932397E+01 0.3973511785619E+01
 0.4076653868753E+01 0.4183215016321E+01 0.4288789900595E+01 0.4389175338837E+01
 0.4480450738239E+01 0.4559076157688E+01 0.4621963730265E+01 0.4666543560769E+01
 0.4690792925933E+01 0.4693271316779E+01 0.4673136876117E+01 0.4630123145139E+01
 0.4564498502449E+01 0.4477100501609E+01 0.4369157178201E+01 0.4242351310268E+01
 0.4098681920966E+01 0.3940438442940E+01 0.3770053942316E+01 0.3590121550047E+01
 0.3403229432724E+01 0.3211996499750E+01 0.3018941162603E+01 0.2826440551914E+01
 0.2636732186648E+01 0.2451769584908E+01 0.2273303302270E+01 0.2102829471536E+01
 0.1941590386621E+01 0.1790550764794E+01 0.1650314502619E+01 0.1521324715285E+01
 0.1403935934263E+01 0.1298017745969E+01 0.1203335919294E+01 0.1119726120148E+01
 0.1046621648807E+01 0.9834962556717E+00 0.9300722014282E+00 0.8853992851274E+00
 0.8490393937521E+00 0.8204817443670E+00 0.7992145583171E+00 0.7846871410770E+00
 0.7768074349126E+00
 lh                   1
-0.6969295154191E-21-0.8167576594239E-21-0.9568071249014E-21-0.1120479880271E-20
-0.1311746812997E-20-0.1535243567823E-20-0.1796381870982E-20-0.2101477997195E-20
-0.2457903413097E-20-0.2874260550564E-20-0.3360586781596E-20-0.3928592710665E-20
-0.4591939520074E-20-0.5366562011940E-20-0.6271044831157E-20-0.7327060506384E-20
-0.8559879413637E-20-0.9998963369750E-20-0.1167865646065E-19-0.1363898890004E-19
-0.1592661225524E-19-0.1859588732209E-19-0.2171014934366E-19-0.2534317922058E-19
-0.2958091393894E-19-0.3452343474254E-19-0.4028727771049E-19-0.4700811850050E-19
-0.5484389122903E-19-0.6397841095534E-19-0.7462558021382E-19-0.8703427272557E-19
-0.1014940020774E-18-0.1183415000853E-18-0.1379683491045E-18-0.1608298351117E-18
-0.1874552144128E-18-0.2184596168627E-18-0.2545578431063E-18-0.2965803532674E-18
-0.3454917905087E-18-0.4024124358778E-18-0.4686430518754E-18-0.5456936424383E-18
-0.6353167378826E-18-0.7395459063730E-18-0.8607403004702E-18-0.1001636170316E-17
-0.1165406416389E-17-0.1355729417218E-17-0.1576868554002E-17-0.1833764068370E-17
-0.2132139135402E-17-0.2478622316259E-17-0.2880888878516E-17-0.3347823843522E-17
-0.3889710045753E-17-0.4518444976931E-17-0.5247790746566E-17-0.6093662130783E-17
-0.7074458414304E-17-0.8211445569671E-17-0.9529196278146E-17-0.1105609639555E-16
-0.1282492772316E-16-0.1487353838114E-16-0.1724561372510E-16-0.1999156262478E-16
-0.2316953607020E-16-0.2684659752276E-16-0.3110006723038E-16-0.3601906592470E-16
-0.4170628697184E-16-0.4828003021874E-16-0.5587653553873E-16-0.6465265951385E-16
-0.7478894489352E-16-0.8649313954638E-16-0.1000042296970E-15-0.1155970614533E-15
-0.1335876351405E-15-0.1543391689520E-15-0.1782690421053E-15-0.2058567433011E-15
-0.2376529680876E-15-0.2742900290493E-15-0.3164937659137E-15-0.3650971691211E-15
-0.4210559605818E-15-0.4854664097919E-15-0.5595857027977E-15-0.6448552263893E-15
-0.7429271811628E-15-0.8556949956319E-15-0.9853280804506E-15-0.1134311538229E-14
-0.1305491531774E-14-0.1502127113454E-14-0.1727949432621E-14-0.1987229368684E-14
-0.2284854787035E-14-0.2626418786274E-14-0.3018320501353E-14-0.3467880252095E-14
-0.3983471084302E-14-0.4574669046335E-14-0.5252424883396E-14-0.6029260221386E-14
-0.6919491759922E-14-0.7939487508715E-14-0.9107959693513E-14-0.1044629963913E-13
-0.1197896072181E-13-0.1373389638746E-13-0.1574306127510E-13-0.1804298468828E-13
-0.2067542704693E-13-0.2368813155768E-13-0.2713568519794E-13-0.3108050525760E-13
-0.3559397017088E-13-0.4075771625459E-13-0.4666512531385E-13-0.5342303195775E-13
-0.6115368397591E-13-0.6999699436699E-13-0.8011312970498E-13-0.9168548662375E-13
-0.1049241164638E-12-0.1200696677580E-12-0.1373979274700E-12-0.1572250550127E-12
-0.1799136183974E-12-0.2058795597686E-12-0.2356002385238E-12-0.2696237247308E-12
-0.3085795442571E-12-0.3531911106631E-12-0.4042901183452E-12-0.4628332176763E-12
-0.5299213471884E-12-0.6068221616090E-12-0.6949960694770E-12-0.7961264821300E-12
-0.9121549794152E-12-0.1045322219317E-11-0.1198215562098E-11-0.1373824548393E-11
-0.1575605569567E-11-0.1807557302960E-11-0.2074308760809E-11-0.2381222127191E-11
-0.2734512941249E-11-0.3141390637828E-11-0.3610222990813E-11-0.4150728634901E-11
-0.4774202585437E-11-0.5493780554100E-11-0.6324748894772E-11-0.7284908237759E-11
-0.8395000315425E-11-0.9679209188385E-11-0.1116575009594E-10-0.1288756153309E-10
-0.1488311896542E-10-0.1719739190923E-10-0.1988297002054E-10-0.2300138845881E-10
-0.2662468824855E-10-0.3083725380431E-10-0.3573797738488E-10-0.4144280921501E-10
-0.4808776259590E-10-0.5583245580805E-10-0.6486428733732E-10-0.7540335831026E-10
-0.8770827648632E-10-0.1020830002727E-09-0.1188849096310E-09-0.1385343241978E-09
-0.1615257283386E-09-0.1884410092007E-09-0.2199650683729E-09-0.2569042318968E-09
-0.3002079587554E-09-0.3509944365640E-09-0.4105807572140E-09-0.4805184873579E-09
-0.5626355919131E-09-0.6590858368023E-09-0.7724069940978E-09-0.9055894034197E-09
-0.1062156713513E-08-0.1246260943869E-08-0.1462794375656E-08-0.1717521212820E-08
-0.2017232458081E-08-0.2369928036476E-08-0.2785030884397E-08-0.3273638520406E-08
-0.3848818543264E-08-0.4525955583101E-08-0.5323158487001E-08-0.6261737977439E-08
-0.7366766711753E-08-0.8667735628388E-08-0.1019932273084E-07-0.1200229307894E-07
-0.1412455178074E-07-0.1662237526496E-07-0.1956185013111E-07-0.2302055349437E-07
-0.2708951405064E-07-0.3187549917701E-07-0.3750368035818E-07-0.4412073720844E-07
-0.5189846947013E-07-0.6103799675605E-07-0.7177463762512E-07-0.8438357300717E-07
-0.9918641421753E-07-0.1165588130261E-06-0.1369392706925E-06-0.1608393247884E-06
-0.1888553172420E-06-0.2216819746465E-06-0.2601280627186E-06-0.3051344112033E-06
-0.3577946437440E-06-0.4193789896034E-06-0.4913616008899E-06-0.5754518503860E-06
-0.6736301414494E-06-0.7881888229378E-06-0.9217788688823E-06-0.1077463054735E-05
-0.1258776439474E-05-0.1469795045525E-05-0.1715213716047E-05-0.2000434221266E-05
-0.2331664781593E-05-0.2716032274222E-05-0.3161708490945E-05-0.3678051916362E-05
-0.4275766595730E-05-0.4967079758735E-05-0.5765939955735E-05-0.6688237544469E-05
-0.7752049432768E-05-0.8977910030321E-05-0.1038911038450E-04-0.1201202745927E-04
-0.1387648545047E-04-0.1601615089891E-04-0.1846896314655E-04-0.2127760136039E-04
-0.2448998891204E-04-0.2815983534252E-04-0.3234721546959E-04-0.3711918442686E-04
-0.4255042658512E-04-0.4872393543981E-04-0.5573172060598E-04-0.6367553711880E-04
-0.7266763119351E-04-0.8283149534355E-04-0.9430262433001E-04-0.1072292615074E-03
-0.1217731229062E-03-0.1381100837988E-03-0.1564308098888E-03-0.1769413126172E-03
-0.1998634056204E-03-0.2254350372646E-03-0.2539104714187E-03-0.2855602867618E-03
-0.3206711623889E-03-0.3595454151185E-03-0.4025002530365E-03-0.4498667074400E-03
-0.5019882058858E-03-0.5592187489565E-03-0.6219206552302E-03-0.6904618413894E-03
-0.7652126099786E-03-0.8465419214354E-03-0.9348131366080E-03-0.1030379227495E-02
-0.1133577458599E-02-0.1244723568418E-02-0.1364105476896E-02-0.1491976582223E-02
-0.1628548713843E-02-0.1773984817203E-02-0.1928391501149E-02-0.2091811530178E-02
-0.2264216438168E-02-0.2445499405463E-02-0.2635468584855E-02-0.2833841159524E-02
-0.3040238383121E-02-0.3254182043423E-02-0.3475092753843E-02-0.3702290513449E-02
-0.3934997616780E-02-0.4172343427066E-02-0.4413369322190E-02-0.4657030907709E-02
-0.4902194232926E-02-0.5147624263637E-02-0.5391968571717E-02-0.5633745000305E-02
-0.5871345210509E-02-0.6103061495006E-02-0.6327131537440E-02-0.6541786624464E-02
-0.6745291440878E-02-0.6935973747177E-02-0.7112247560116E-02-0.7272634816872E-02
-0.7415787151363E-02-0.7540507804653E-02-0.7645774106885E-02-0.7730757540786E-02
-0.7794840062399E-02-0.7837627341523E-02-0.7858955736430E-02-0.7858894791258E-02
-0.7837744040187E-02-0.7796028013605E-02-0.7734482256305E-02-0.7654040200376E-02
-0.7555818847910E-02-0.7441096161471E-02-0.7311291812426E-02-0.7167947191501E-02
-0.7012702920532E-02-0.6847279104416E-02-0.6673455881287E-02-0.6493051980424E-02
-0.6307910049333E-02-0.6119878120757E-02-0.5930795024132E-02-0.5742485795979E-02
-0.5556746464559E-02-0.5375339550356E-02-0.5199986358183E-02-0.5032378807994E-02
-0.4874195352620E-02-0.4727079737517E-02-0.4592673573075E-02-0.4472681677814E-02
-0.4368846953238E-02-0.4283018884046E-02-0.4217282348430E-02-0.4173903249172E-02
-0.4155512206414E-02-0.4165397553588E-02-0.4207523605523E-02-0.4287009329005E-02
-0.4410837924964E-02
 lh                   2
 0.2055581609267E-32 0.2559278485996E-32 0.3183111020232E-32 0.3955775347706E-32
 0.4912795228874E-32 0.6098147792724E-32 0.7566275817692E-32 0.9384560928271E-32
 0.1163639890038E-31 0.1442499715448E-31 0.1787806559401E-31 0.2215361996231E-31
 0.2744715425294E-31 0.3400050506697E-31 0.4211280671777E-31 0.5215402760756E-31
 0.6458169433016E-31 0.7996155141781E-31 0.9899307950340E-31 0.1225410101707E-30
 0.1516742413156E-30 0.1877138840861E-30 0.2322925756238E-30 0.2874276884176E-30
 0.3556116786374E-30 0.4399235688079E-30 0.5441664871267E-30 0.6730373265845E-30
 0.8323359908562E-30 0.1029223420958E-29 0.1272539720827E-29 0.1573196312034E-29
 0.1944659259100E-29 0.2403544853881E-29 0.2970353397644E-29 0.3670373077983E-29
 0.4534793156128E-29 0.5602074666583E-29 0.6919637862772E-29 0.8545939181573E-29
 0.1055302711182E-28 0.1302968672936E-28 0.1608530765057E-28 0.1985464079352E-28
 0.2450364688635E-28 0.3023668567518E-28 0.3730535114810E-28 0.4601932711933E-28
 0.5675972202843E-28 0.6999544524751E-28 0.8630331375837E-28 0.1063927328887E-27
 0.1311359841377E-27 0.1616053846011E-27 0.1991188654245E-27 0.2452958623954E-27
 0.3021258340327E-27 0.3720522381577E-27 0.4580754273902E-27 0.5638786922179E-27
 0.6939826175463E-27 0.8539340618077E-27 0.1050537461628E-26 0.1292137864220E-26
 0.1588967160330E-26 0.1953567513205E-26 0.2401309051397E-26 0.2951022634100E-26
 0.3625773051092E-26 0.4453803560366E-26 0.5469689407286E-26 0.6715746167203E-26
 0.8243748721218E-26 0.1011702879075E-25 0.1241303368004E-25 0.1522644676270E-25
 0.1867299197332E-25 0.2289407094440E-25 0.2806241345163E-25 0.3438896069431E-25
 0.4213124809287E-25 0.5160361148674E-25 0.6318960998802E-25 0.7735714285945E-25
 0.9467683974967E-25 0.1158444271961E-24 0.1417079240472E-24 0.1733006998639E-24
 0.2118816500888E-24 0.2589840078712E-24 0.3164746346262E-24 0.3866260214586E-24
 0.4722037057016E-24 0.5765723782013E-24 0.7038246483793E-24 0.8589372706471E-24
 0.1047960647754E-23 0.1278248650814E-23 0.1558737276392E-23 0.1900282451727E-23
 0.2316069464689E-23 0.2822109113675E-23 0.3437838839052E-23 0.4186850926325E-23
 0.5097774500326E-23 0.6205343626755E-23 0.7551690604732E-23 0.9187911716429E-23
 0.1117596259366E-22 0.1359095232498E-22 0.1652391989430E-22 0.2008519403864E-22
 0.2440845877498E-22 0.2965567244437E-22 0.3602301909060E-22 0.4374810846190E-22
 0.5311868627116E-22 0.6448317123820E-22 0.7826340188735E-22 0.9497005653915E-22
 0.1152213073963E-21 0.1397653877010E-21 0.1695078940391E-21 0.2055448193313E-21
 0.2492025224151E-21 0.3020860952935E-21 0.3661378987954E-21 0.4437084133232E-21
 0.5376420079304E-21 0.6513807857130E-21 0.7890903378303E-21 0.9558120585576E-21
 0.1157647671630E-20 0.1401982832906E-20 0.1697758154037E-20 0.2055797795096E-20
 0.2489207973082E-20 0.3013860416266E-20 0.3648979070052E-20 0.4417852361805E-20
 0.5348698224061E-20 0.6475715059560E-20 0.7840359156367E-20 0.9492898033518E-20
 0.1149430019514E-19 0.1391853526061E-19 0.1685537499631E-19 0.2041380611367E-19
 0.2472619069934E-19 0.2995334089776E-19 0.3629071232521E-19 0.4397596733239E-19
 0.5329821672618E-19 0.6460931949002E-19 0.7833770760463E-19 0.9500531124715E-19
 0.1152482933795E-18 0.1398424681782E-18 0.1697344825657E-18 0.2060800938032E-18
 0.2502911905871E-18 0.3040935951422E-18 0.3695981678947E-18 0.4493883374613E-18
 0.5466279256359E-18 0.6651940656694E-18 0.8098411672370E-18 0.9864033189784E-18
 0.1202044309365E-17 0.1465566676344E-17 0.1787793974742E-17 0.2182043914846E-17
 0.2664714346425E-17 0.3256009453404E-17 0.3980840253665E-17 0.4869941899300E-17
 0.5961260764562E-17 0.7301677416346E-17 0.8949147939035E-17 0.1097536655361E-16
 0.1346907805795E-16 0.1654020060293E-16 0.2032495931861E-16 0.2499228132618E-16
 0.3075176523068E-16 0.3786361643909E-16 0.4665103752092E-16 0.5751568525444E-16
 0.7095695913499E-16 0.8759607766383E-16 0.1082061383071E-15 0.1337496566333E-15
 0.1654254548315E-15 0.2047272383207E-15 0.2535167849135E-15 0.3141154032008E-15
 0.3894182319383E-15 0.4830370957071E-15 0.5994790606560E-15 0.7443696183362E-15
 0.9247316534854E-15 0.1149334132605E-14 0.1429127920597E-14 0.1777790462081E-14
 0.2212406463002E-14 0.2754318438611E-14 0.3430189380850E-14 0.4273330245165E-14
 0.5325357964068E-14 0.6638265882608E-14 0.8277008647600E-14 0.1032272861862E-13
 0.1287678198087E-13 0.1606576138181E-13 0.2004775988010E-13 0.2502018050339E-13
 0.3122946949315E-13 0.3898324273568E-13 0.4866538808546E-13 0.6075486637369E-13
 0.7584910712828E-13 0.9469310909783E-13 0.1182156200008E-12 0.1475740960687E-12
 0.1842105440480E-12 0.2299208436704E-12 0.2869407582838E-12 0.3580525911228E-12
 0.4467173659476E-12 0.5572385416599E-12 0.6949646574263E-12 0.8665400040774E-12
 0.1080214497390E-11 0.1346226471875E-11 0.1677275219794E-11 0.2089103889775E-11
 0.2601217977933E-11 0.3237770266524E-11 0.4028649901005E-11 0.5010821597719E-11
 0.6229971043208E-11 0.7742524742817E-11 0.9618127331764E-11 0.1194267718922E-10
 0.1482204270509E-10 0.1838660746633E-10 0.2279682381057E-10 0.2824999165708E-10
 0.3498852446304E-10 0.4331001796627E-10 0.5357950171076E-10 0.6624433010492E-10
 0.8185226113645E-10 0.1010733793863E-09 0.1247266485340E-09 0.1538120304144E-09
 0.1895492866509E-09 0.2334247893156E-09 0.2872479140247E-09 0.3532188782770E-09
 0.4340102265867E-09 0.5328645602182E-09 0.6537115716787E-09 0.8013079834482E-09
 0.9814046175061E-09 0.1200945548244E-08 0.1468305130209E-08 0.1793569653930E-08
 0.2188871483498E-08 0.2668784782681E-08 0.3250793363431E-08 0.3955842809955E-08
 0.4808990866461E-08 0.5840172153588E-08 0.7085095596553E-08 0.8586295556391E-08
 0.1039436054278E-07 0.1256936657456E-07 0.1518254580084E-07 0.1831822482070E-07
 0.2207607137409E-07 0.2657369262551E-07 0.3194963319315E-07 0.3836682633346E-07
 0.4601655738206E-07 0.5512300444230E-07 0.6594842768362E-07 0.7879908537875E-07
 0.9403196127522E-07 0.1120623960036E-06 0.1333727213835E-06 0.1585220055838E-06
 0.1881570241148E-06 0.2230245781894E-06 0.2639852937909E-06 0.3120290356126E-06
 0.3682920858513E-06 0.4340762412364E-06 0.5108699932826E-06 0.6003719841303E-06
 0.7045169453933E-06 0.8255043940986E-06 0.9658304139906E-06 0.1128322928892E-05
 0.1316180891834E-05 0.1533017669993E-05 0.1782908416400E-05 0.2070440345365E-05
 0.2400763647870E-05 0.2779640295728E-05 0.3213488417423E-05 0.3709424467514E-05
 0.4275309087277E-05 0.4919804924856E-05 0.5652451117189E-05 0.6483748458909E-05
 0.7425248508877E-05 0.8489641715679E-05 0.9690845372559E-05 0.1104409552830E-04
 0.1256604298935E-04 0.1427486017385E-04 0.1619035770714E-04 0.1833411260429E-04
 0.2072960882206E-04 0.2340239125340E-04 0.2638023210027E-04 0.2969330892922E-04
 0.3337440435903E-04 0.3745911695389E-04 0.4198609145569E-04 0.4699727791047E-04
 0.5253823723439E-04 0.5865845694053E-04 0.6541173984041E-04 0.7285666475652E-04
 0.8105713797653E-04 0.9008309212422E-04 0.1000113448997E-03 0.1109266852321E-03
 0.1229233398157E-03 0.1361068142832E-03 0.1505963602761E-03 0.1665284617575E-03
 0.1840612337959E-03 0.2033805389033E-03 0.2247081718124E-03 0.2483136631953E-03
 0.2745307097776E-03 0.3037776465339E-03 0.3365884264874E-03 0.3736579215606E-03
 0.4158979578290E-03 0.4645217862339E-03 0.5211682038794E-03 0.5880534577028E-03
 0.6682085338563E-03 0.7658281960267E-03 0.8867099269897E-03 0.1038935457269E-02
 0.1233873246558E-02
 lh                   3
 0.9543116729876E-43 0.1268906795343E-42 0.1681444081804E-42 0.2222881038204E-42
 0.2933882582055E-42 0.3867868834688E-42 0.5095027596716E-42 0.6707538372080E-42
 0.8826487302299E-42 0.1161091576633E-41 0.1526969624991E-41 0.2007712581084E-41
 0.2639338622824E-41 0.3469139226172E-41 0.4559201692722E-41 0.5991030295362E-41
 0.7871607963784E-41 0.1034134665868E-40 0.1358451366290E-40 0.1784290319204E-40
 0.2343376125623E-40 0.3077328400280E-40 0.4040741857305E-40 0.5305223055829E-40
 0.6964680231288E-40 0.9142254248095E-40 0.1199939855046E-39 0.1574777273327E-39
 0.2066481933213E-39 0.2711416143351E-39 0.3557230904715E-39 0.4666362007302E-39
 0.6120606003656E-39 0.8027108648618E-39 0.1052620050435E-38 0.1380164775999E-38
 0.1809406042828E-38 0.2371842736969E-38 0.3108704423396E-38 0.4073948747654E-38
 0.5338179255652E-38 0.6993765300667E-38 0.9161531583252E-38 0.1199949682339E-37
 0.1571428697895E-37 0.2057603855715E-37 0.2693785525570E-37 0.3526120376351E-37
 0.4614905459311E-37 0.6038912061025E-37 0.7901025753696E-37 0.1033560165772E-36
 0.1351805436499E-36 0.1767735858543E-36 0.2311234018948E-36 0.3021290195775E-36
 0.3948767221615E-36 0.5160001122967E-36 0.6741489034312E-36 0.8805991203601E-36
 0.1150047166643E-35 0.1501642902168E-35 0.1960333330516E-35 0.2558609838005E-35
 0.3338779597129E-35 0.4355917613300E-35 0.5681702369416E-35 0.7409398229390E-35
 0.9660325734125E-35 0.1259226187551E-34 0.1641034310172E-34 0.2138121288964E-34
 0.2785137445044E-34 0.3627099201030E-34 0.4722474984085E-34 0.6147185094059E-34
 0.7999784812159E-34 0.1040817893778E-33 0.1353831785489E-33 0.1760545681375E-33
 0.2288872996050E-33 0.2975000982525E-33 0.3865830573979E-33 0.5022131935105E-33
 0.6522624564327E-33 0.8469251407760E-33 0.1099399457052E-32 0.1426768087109E-32
 0.1851135514824E-32 0.2401096621438E-32 0.3113632534479E-32 0.4036557393876E-32
 0.5231675314110E-32 0.6778852645166E-32 0.8781269580997E-32 0.1137219097357E-31
 0.1472369368740E-31 0.1905791314161E-31 0.2466153275009E-31 0.3190444694774E-31
 0.4126379441861E-31 0.5335489975358E-31 0.6897110052198E-31 0.8913500018128E-31
 0.1151644106863E-30 0.1487571773956E-30 0.1921002709953E-30 0.2480100611740E-30
 0.3201126501982E-30 0.4130756638610E-30 0.5329061295379E-30 0.6873332176584E-30
 0.8862999419571E-30 0.1142594736419E-29 0.1472662577284E-29 0.1897646541014E-29
 0.2444725081479E-29 0.3148828766563E-29 0.4054843883326E-29 0.5220440673304E-29
 0.6719702883064E-29 0.8647785230849E-29 0.1112688940445E-28 0.1431393130417E-28
 0.1841037754310E-28 0.2367486428093E-28 0.3043938472695E-28 0.3913005392755E-28
 0.5029374465795E-28 0.6463225423027E-28 0.8304613176940E-28 0.1066908985055E-27
 0.1370491678411E-27 0.1760231661917E-27 0.2260534326947E-27 0.2902711167154E-27
 0.3726934008002E-27 0.4784742875453E-27 0.6142264747386E-27 0.7884345271711E-27
 0.1011985323513E-26 0.1298849184150E-26 0.1666954650718E-26 0.2139312210374E-26
 0.2745458139397E-26 0.3523310118783E-26 0.4521552692044E-26 0.5802704731788E-26
 0.7447065111494E-26 0.9557789666520E-26 0.1226742606904E-25 0.1574632836454E-25
 0.2021349602912E-25 0.2595054183844E-25 0.3331969943501E-25 0.4278704936310E-25
 0.5495248991684E-25 0.7058843042625E-25 0.9068977092440E-25 0.1165384944290E-24
 0.1497871898391E-24 0.1925671146800E-24 0.2476280892469E-24 0.3185197071166E-24
 0.4098262088465E-24 0.5274711023465E-24 0.6791124958289E-24 0.8746564932544E-24
 0.1126924355618E-23 0.1452520069630E-23 0.1872959297749E-23 0.2416139477133E-23
 0.3118255494482E-23 0.4026297741576E-23 0.5201311897584E-23 0.6722655712510E-23
 0.8693561642136E-23 0.1124841103675E-22 0.1456225314864E-22 0.1886327033277E-22
 0.2444911248449E-22 0.3170831619570E-22 0.4114841011644E-22 0.5343281775644E-22
 0.6942934242618E-22 0.9027390917922E-22 0.1174544156610E-21 0.1529211007670E-21
 0.1992319003364E-21 0.2597439863786E-21 0.3388662975484E-21 0.4423926515718E-21
 0.5779413669403E-21 0.7555357179517E-21 0.9883706761563E-21 0.1293826144083E-20
 0.1694806446677E-20 0.2221511781594E-20 0.2913781723285E-20 0.3824196489309E-20
 0.5022182173747E-20 0.6599446389662E-20 0.8677177182305E-20 0.1141557921718E-19
 0.1502650843324E-19 0.1979021458386E-19 0.2607753024434E-19 0.3437928127573E-19
 0.4534527226737E-19 0.5983596729457E-19 0.7899100251226E-19 0.1043200134772E-18
 0.1378230435324E-18 0.1821501613950E-18 0.2408130429766E-18 0.3184654110683E-18
 0.4212747024715E-18 0.5574145751766E-18 0.7377174451434E-18 0.9765389003994E-18
 0.1292902564310E-17 0.1712016066809E-17 0.2267277939041E-17 0.3002933718683E-17
 0.3977590291934E-17 0.5268864382062E-17 0.6979529215146E-17 0.9245639432166E-17
 0.1224726703215E-16 0.1622268200046E-16 0.2148707532507E-16 0.2845726898904E-16
 0.3768431294480E-16 0.4989646658869E-16 0.6605584566380E-16 0.8743304194154E-16
 0.1157053668786E-15 0.1530861285750E-15 0.2024946497295E-15 0.2677797365540E-15
 0.3540132271893E-15 0.4678753585077E-15 0.6181603491289E-15 0.8164392657902E-15
 0.1077928516863E-14 0.1422626971770E-14 0.1876803732774E-14 0.2474943267463E-14
 0.3262286595476E-14 0.4298148630742E-14 0.5660245331274E-14 0.7450333487841E-14
 0.9801555249888E-14 0.1288799453646E-13 0.1693710057137E-13 0.2224582415535E-13
 0.2920155668704E-13 0.3830927528003E-13 0.5022669850990E-13 0.6580977033410E-13
 0.8617144490008E-13 0.1127575806856E-12 0.1474448170952E-12 0.1926666613272E-12
 0.2515757347271E-12 0.3282523119858E-12 0.4279720538026E-12 0.5575493332574E-12
 0.7257769753264E-12 0.9439887992079E-12 0.1226778364259E-11 0.1592916130778E-11
 0.2066518300762E-11 0.2678534450758E-11 0.3468638379224E-11 0.4487628197275E-11
 0.5800468604771E-11 0.7490141753687E-11 0.9662514632997E-11 0.1245248233303E-10
 0.1603171012735E-10 0.2061837573990E-10 0.2648940973644E-10 0.3399585061148E-10
 0.4358207663949E-10 0.5580985456425E-10 0.7138836262639E-10 0.9121161046595E-10
 0.1164050004248E-09 0.1483831664193E-09 0.1889216997297E-09 0.2402459444323E-09
 0.3051407358441E-09 0.3870857856238E-09 0.4904224188840E-09 0.6205585603603E-09
 0.7842203041454E-09 0.9897601108612E-09 0.1247533722395E-08 0.1570360350055E-08
 0.1974083636021E-08 0.2478254493190E-08 0.3106961267603E-08 0.3889837924980E-08
 0.4863287040455E-08 0.6071961040207E-08 0.7570551305219E-08 0.9425939309933E-08
 0.1171976645831E-07 0.1455148148781E-07 0.1804193397774E-07 0.2233760815782E-07
 0.2761563628125E-07 0.3408977892939E-07 0.4201757381578E-07 0.5170883493225E-07
 0.6353567289480E-07 0.7794424546769E-07 0.9546850449083E-07 0.1167462732056E-06
 0.1425380297179E-06 0.1737488219779E-06 0.2114538212819E-06 0.2569280371162E-06
 0.3116807836465E-06 0.3774955981048E-06 0.4564762972411E-06 0.5510999679579E-06
 0.6642777322160E-06 0.7994244030269E-06 0.9605375310813E-06 0.1152287380481E-05
 0.1380119079288E-05 0.1650366947437E-05 0.1970383250767E-05 0.2348682315580E-05
 0.2795100446227E-05 0.3320973841026E-05 0.3939335308656E-05 0.4665129710021E-05
 0.5515453444503E-05 0.6509815216064E-05 0.7670424444835E-05 0.9022521415803E-05
 0.1059473878926E-04 0.1241952562195E-04 0.1453364181012E-04 0.1697880741102E-04
 0.1980255911950E-04 0.2305925966261E-04 0.2681166151624E-04 0.3113334493639E-04
 0.3611172305389E-04 0.4185295370989E-04 0.4848976889274E-04 0.5619114456765E-04
 0.6517881593499E-04 0.7575344745636E-04 0.8832842190933E-04 0.1034865284521E-03
 0.1220689062692E-03
 ng3                204
 0.6549170356799E-01 0.1055565508820E-01 0.2557397231865E-02 0.5835565420154E-03
-0.1356033653642E-04-0.1647323787277E-03-0.8196757475546E-04-0.1511058221207E-04
 0.1764577131618E-04 0.4883201133114E-04 0.5767160291231E-04 0.5160377428621E-04
 0.4407445861268E-04 0.2593381713184E-04 0.1229252613514E-04 0.1161304262693E-04
-0.7274406079916E-05-0.1301251084436E-04-0.1088024453364E-04-0.1179600943062E-04
-0.8684999008430E-05-0.1127172980463E-04-0.5808235480406E-05-0.6276154554631E-05
-0.2052389374410E-05 0.2158446641788E-05 0.3214591764340E-05 0.4499296320020E-05
 0.8647727576535E-05 0.6826002567895E-05 0.4702308441627E-05 0.5267764242817E-05
 0.4946919348167E-05 0.4332879567124E-05 0.5067626410941E-05 0.3933238525918E-05
 0.2760568872702E-05 0.3143643878832E-06-0.7586270807325E-06-0.1384575239435E-05
-0.6721714465108E-06-0.3308375796576E-05-0.1203804648911E-05-0.3575157840881E-05
-0.2893201450972E-05-0.1461668728360E-05-0.4122178694401E-05-0.1434992564711E-05
-0.2204632408968E-05-0.2242114650965E-05-0.3202273517068E-05-0.1990689563731E-05
-0.1843658047434E-05-0.9218210738579E-06-0.1733501574104E-05-0.4814719283909E-06
-0.6392430412468E-06 0.1554458385390E-05 0.9337215269850E-06 0.1301619337914E-05
 0.9588080823618E-06 0.1127564131651E-05-0.3291347505021E-06 0.1127478136237E-05
 0.2781482637369E-05 0.3442516568495E-05 0.5860380527732E-06 0.2852072307800E-05
 0.1725649897910E-06 0.3049508109106E-05 0.1874733779780E-05 0.1880637911988E-05
 0.2361269852018E-05-0.3207043432920E-07-0.2881381364024E-06 0.1586695114554E-05
 0.7661470729010E-07-0.5957228693192E-06-0.1091699094111E-05-0.1314035193800E-05
 0.4736742525281E-06 0.2203277799659E-06-0.1635975069856E-05-0.2811630471615E-07
-0.1661638422088E-05-0.5094845586153E-06-0.1872109220788E-05-0.1226415995689E-05
-0.6782801772572E-06-0.3297571408500E-05-0.1729758613321E-05-0.2007640595829E-06
-0.1314240759586E-05-0.2339936208659E-06-0.1585045866888E-05-0.1496621651348E-05
-0.9123379431118E-06-0.4671943219706E-06 0.4392376969372E-06-0.2881381364054E-06
 0.6818128430556E-06-0.9124476034087E-06 0.3462077166000E-06-0.7388891079819E-07
 0.7661470728946E-07 0.1899805936471E-05-0.7153999970861E-06 0.3521360503709E-06
 0.2203277799660E-06 0.2918298153432E-06 0.1442271498034E-05-0.5094845586151E-06
 0.4416702974801E-06-0.6782801772572E-06 0.8917670469260E-06-0.3187309891439E-06
 0.3768795534654E-05-0.2007640595829E-06-0.5891366722800E-06-0.2339936208657E-06
 0.2353707408187E-05 0.3442516568495E-05 0.1874733779780E-05 0.6818128430559E-06
-0.8542179128227E-06 0.1707520389259E-05-0.7388891079835E-07 0.3462077166001E-06
-0.1091699094111E-05 0.1899805936472E-05-0.1022623420579E-06-0.1635975069857E-05
 0.2918298153434E-06-0.4446292092556E-06-0.1661638422088E-05 0.8917670469261E-06
 0.1127564131651E-05-0.1729758613321E-05 0.1127478136237E-05-0.2339936208656E-06
-0.5891366722800E-06 0.2852072307800E-05-0.8542179128225E-06-0.9124476034088E-06
 0.3462077165998E-06-0.7388891079811E-07-0.1021251556502E-06-0.1091699094111E-05
 0.4736742525280E-06 0.3854376438474E-06 0.3521360503708E-06-0.1635975069856E-05
-0.4446292092559E-06-0.6782801772573E-06 0.1301619337914E-05-0.2007640595829E-06
 0.1127478136237E-05 0.2353707408187E-05-0.1496621651348E-05 0.1874733779780E-05
 0.1899805936471E-05-0.7153999970863E-06 0.3521360503710E-06 0.2203277799659E-06
-0.1635975069856E-05-0.5094845586154E-06 0.1301619337914E-05 0.1127564131651E-05
-0.1585045866888E-05 0.3442516568495E-05-0.9123379431115E-06 0.7661470728960E-07
 0.2918298153432E-06-0.1661638422088E-05-0.6782801772571E-06-0.3297571408500E-05
 0.1127478136237E-05-0.1585045866888E-05 0.3442516568495E-05-0.2881381364060E-06
-0.1872109220789E-05 0.3768795534654E-05-0.2339936208660E-06 0.2852072307800E-05
-0.1496621651348E-05 0.1874733779780E-05 0.7661470728946E-07-0.1872109220789E-05
 0.6818128430559E-06-0.9124476034089E-06-0.1091699094111E-05 0.2203277799660E-06
-0.3297571408500E-05 0.8917670469260E-06-0.1729758613321E-05-0.2007640595830E-06
-0.9123379431115E-06 0.1707520389260E-05 0.3462077166001E-06-0.7153999970862E-06
-0.5891366722798E-06 0.2353707408187E-05-0.4446292092554E-06 0.3854376438476E-06
