 v4.24
  Fe_NM demo on windows
 output  density 
 it                   3
 jspins               1
 jsp                  1
 ntype                1
 Fe
 n                    1
 jri                361
 rmt          2.0000000000000000     
 dx           2.9999999999999999E-002
 ntypsy               1
 nlh                  3
 lh                   0
 0.9070712417351E-04 0.9620501999824E-04 0.1020359506566E-03 0.1082200770182E-03
 0.1147787541875E-03 0.1217346553626E-03 0.1291118137476E-03 0.1369357143416E-03
 0.1452333814287E-03 0.1540334713187E-03 0.1633663706475E-03 0.1732643005863E-03
 0.1837614272926E-03 0.1948939789871E-03 0.2067003700462E-03 0.2192213325286E-03
 0.2325000555792E-03 0.2465823331776E-03 0.2615167207271E-03 0.2773547010102E-03
 0.2941508600652E-03 0.3119630735731E-03 0.3308527043768E-03 0.3508848117927E-03
 0.3721283734121E-03 0.3946565201302E-03 0.4185467851850E-03 0.4438813680324E-03
 0.4707474139335E-03 0.4992373101772E-03 0.5294489999210E-03 0.5614863146826E-03
 0.5954593265802E-03 0.6314847214795E-03 0.6696861942731E-03 0.7101948675880E-03
 0.7531497352924E-03 0.7986981322497E-03 0.8469962318508E-03 0.8982095729449E-03
 0.9525136178784E-03 0.1010094343450E-02 0.1071148866693E-02 0.1135886107500E-02
 0.1204527490232E-02 0.1277307686545E-02 0.1354475401835E-02 0.1436294207789E-02
 0.1523043423721E-02 0.1615019049459E-02 0.1712534752763E-02 0.1815922914382E-02
 0.1925535734035E-02 0.2041746400785E-02 0.2164950331475E-02 0.2295566481072E-02
 0.2434038728993E-02 0.2580837345700E-02 0.2736460544078E-02 0.2901436120367E-02
 0.3076323189645E-02 0.3261714021165E-02 0.3458235979083E-02 0.3666553574446E-02
 0.3887370634591E-02 0.4121432596433E-02 0.4369528930451E-02 0.4632495702548E-02
 0.4911218281288E-02 0.5206634198452E-02 0.5519736171184E-02 0.5851575294476E-02
 0.6203264413132E-02 0.6575981682813E-02 0.6970974330239E-02 0.7389562623090E-02
 0.7833144060688E-02 0.8303197797007E-02 0.8801289308166E-02 0.9329075317064E-02
 0.9888308988422E-02 0.1048084540809E-01 0.1110864736111E-01 0.1177379142353E-01
 0.1247847438396E-01 0.1322502001096E-01 0.1401588618364E-01 0.1485367240310E-01
 0.1574112770329E-01 0.1668115898047E-01 0.1767683976119E-01 0.1873141942958E-01
 0.1984833293517E-01 0.2103121100367E-01 0.2228389087333E-01 0.2361042758068E-01
 0.2501510581995E-01 0.2650245240123E-01 0.2807724933307E-01 0.2974454755590E-01
 0.3150968135342E-01 0.3337828346930E-01 0.3535630095757E-01 0.3745001179504E-01
 0.3966604228489E-01 0.4201138528063E-01 0.4449341925991E-01 0.4711992827782E-01
 0.4989912282911E-01 0.5283966164895E-01 0.5595067448095E-01 0.5924178584126E-01
 0.6272313980637E-01 0.6640542585144E-01 0.7029990576486E-01 0.7441844166302E-01
 0.7877352512761E-01 0.8337830748556E-01 0.8824663124905E-01 0.9339306273013E-01
 0.9883292584099E-01 0.1045823370869E+00 0.1106582417543E+00 0.1170784512911E+00
 0.1238616818716E+00 0.1310275941290E+00 0.1385968340348E+00 0.1465910748940E+00
 0.1550330604148E+00 0.1639466488045E+00 0.1733568578284E+00 0.1832899107600E+00
 0.1937732831325E+00 0.2048357501910E+00 0.2165074349249E+00 0.2288198565452E+00
 0.2418059792479E+00 0.2555002610872E+00 0.2699387027566E+00 0.2851588960522E+00
 0.3012000717636E+00 0.3181031467121E+00 0.3359107696196E+00 0.3546673654627E+00
 0.3744191779268E+00 0.3952143095379E+00 0.4171027590094E+00 0.4401364552953E+00
 0.4643692877970E+00 0.4898571321208E+00 0.5166578707312E+00 0.5448314077922E+00
 0.5744396774311E+00 0.6055466445988E+00 0.6382182976421E+00 0.6725226316362E+00
 0.7085296214625E+00 0.7463111835479E+00 0.7859411251149E+00 0.8274950797199E+00
 0.8710504277901E+00 0.9166862007981E+00 0.9644829676468E+00 0.1014522701767E+01
 0.1066888627375E+01 0.1121665043259E+01 0.1178937122348E+01 0.1238790685741E+01
 0.1301311948793E+01 0.1366587237572E+01 0.1434702675259E+01 0.1505743833241E+01
 0.1579795350541E+01 0.1656940513518E+01 0.1737260799136E+01 0.1820835377358E+01
 0.1907740573883E+01 0.1998049285811E+01 0.2091830358257E+01 0.2189147911809E+01
 0.2290060625922E+01 0.2394620976036E+01 0.2502874421538E+01 0.2614858551232E+01
 0.2730602179777E+01 0.2850124401615E+01 0.2973433601041E+01 0.3100526422739E+01
 0.3231386705970E+01 0.3365984383560E+01 0.3504274354847E+01 0.3646195335805E+01
 0.3791668693044E+01 0.3940597271767E+01 0.4092864223302E+01 0.4248331845769E+01
 0.4406840450118E+01 0.4568207259889E+01 0.4732225366696E+01 0.4898662750152E+01
 0.5067261384902E+01 0.5237736449634E+01 0.5409775662859E+01 0.5583038768262E+01
 0.5757157182378E+01 0.5931733841602E+01 0.6106343270958E+01 0.6280531894268E+01
 0.6453818623368E+01 0.6625695743615E+01 0.6795630126818E+01 0.6963064804826E+01
 0.7127420923186E+01 0.7288100094163E+01 0.7444487192362E+01 0.7595953582346E+01
 0.7741860826648E+01 0.7881564865691E+01 0.8014420683278E+01 0.8139787472006E+01
 0.8257034257521E+01 0.8365546029736E+01 0.8464730284699E+01 0.8554024032838E+01
 0.8632901138478E+01 0.8700880033086E+01 0.8757531662699E+01 0.8802487643425E+01
 0.8835448511773E+01 0.8856191976877E+01 0.8864581058712E+01 0.8860571980317E+01
 0.8844221697023E+01 0.8815694873333E+01 0.8775270163898E+01 0.8723345654845E+01
 0.8660443257225E+01 0.8587211876049E+01 0.8504429184194E+01 0.8413001844726E+01
 0.8313963947253E+01 0.8208473593002E+01 0.8097807371019E+01 0.7983352746742E+01
 0.7866598102344E+01 0.7749120486943E+01 0.7632571030869E+01 0.7518657958085E+01
 0.7409127331369E+01 0.7305741640029E+01 0.7210256326183E+01 0.7124394504605E+01
 0.7049820180213E+01 0.6988110268423E+01 0.6940725669022E+01 0.6908982129589E+01
 0.6894021138322E+01 0.6896781491954E+01 0.6917971976966E+01 0.6958046080916E+01
 0.7017178968219E+01 0.7095247625461E+01 0.7191814807710E+01 0.7306117258295E+01
 0.7437058915895E+01 0.7583209538942E+01 0.7742809273239E+01 0.7913779460749E+01
 0.8093739981237E+01 0.8280033238593E+01 0.8469754631727E+01 0.8659789780123E+01
 0.8846857602695E+01 0.9027559290828E+01 0.9198432619818E+01 0.9356010282282E+01
 0.9496881915268E+01 0.9617758172287E+01 0.9715536363607E+01 0.9787366037617E+01
 0.9830712531360E+01 0.9843417794841E+01 0.9823756726972E+01 0.9770488306794E+01
 0.9682897299821E+01 0.9560829463487E+01 0.9404714210208E+01 0.9215579389183E+01
 0.8995050091499E+01 0.8745336939219E+01 0.8469211026218E+01 0.8169963880374E+01
 0.7851357052036E+01 0.7517555778288E+01 0.7173053225167E+01 0.6822584938155E+01
 0.6471030453146E+01 0.6123315286062E+01 0.5784301967836E+01 0.5458685875135E+01
 0.5150885694748E+01 0.4864944413220E+01 0.4604433383001E+01 0.4372370823850E+01
 0.4171145591650E+01 0.4002466662150E+01 0.3867317715679E+01 0.3765939080836E+01
 0.3697821893095E+01 0.3661721932720E+01 0.3655696141523E+01 0.3677153827677E+01
 0.3722933067551E+01 0.3789388365904E+01 0.3872494075371E+01 0.3967958046674E+01
 0.4071337897498E+01 0.4178161506722E+01 0.4284021203688E+01 0.4384709386280E+01
 0.4476301530397E+01 0.4555253131971E+01 0.4618471983588E+01 0.4663383577239E+01
 0.4687962548884E+01 0.4690766634803E+01 0.4670952017670E+01 0.4628251851534E+01
 0.4562937770369E+01 0.4475843774468E+01 0.4368204599165E+01 0.4241702642104E+01
 0.4098338709504E+01 0.3940399492189E+01 0.3770320619947E+01 0.3590690514683E+01
 0.3404098299249E+01 0.3213155670376E+01 0.3020375479926E+01 0.2828129668291E+01
 0.2638644918974E+01 0.2453873463837E+01 0.2275559969990E+01 0.2105195123137E+01
 0.1944015291961E+01 0.1792982070927E+01 0.1652712229611E+01 0.1523651696821E+01
 0.1406141415702E+01 0.1300077726645E+01 0.1205244433484E+01 0.1121468262664E+01
 0.1048213542117E+01 0.9849676778685E+00 0.9314268202727E+00 0.8867005491023E+00
 0.8503379917123E+00 0.8218294637307E+00 0.8006633397118E+00 0.7863019467282E+00
 0.7786075920501E+00
 lh                   1
-0.1356861850769E-20-0.1589588938363E-20-0.1861588967199E-20-0.2179469363792E-20
-0.2550942403937E-20-0.2985011428951E-20-0.3492187097136E-20-0.4084736866198E-20
-0.4776977551566E-20-0.5585616758176E-20-0.6530149001981E-20-0.7633318536727E-20
-0.8921658010464E-20-0.1042611587423E-19-0.1218278708101E-19-0.1423376384577E-19
-0.1662812609353E-19-0.1942309433260E-19-0.2268537137660E-19-0.2649270359342E-19
-0.3093569729431E-19-0.3611993159709E-19-0.4216841572492E-19-0.4922444638047E-19
-0.5745492972667E-19-0.6705424279985E-19-0.7824872109616E-19-0.9130187285897E-19
-0.1065204365430E-18-0.1242614163732E-18-0.1449402522365E-18-0.1690403047843E-18
-0.1971238650909E-18-0.2298449310912E-18-0.2679640309842E-18-0.3123654176045E-18
-0.3640770083253E-18-0.4242935033767E-18-0.4944031827114E-18-0.5760189590793E-18
-0.6710143543018E-18-0.7815651686591E-18-0.9101977318211E-18-0.1059844760199E-17
-0.1233910002633E-17-0.1436343036981E-17-0.1671725787991E-17-0.1945372575700E-17
-0.2263445778219E-17-0.2633089508250E-17-0.3062584065054E-17-0.3561524339706E-17
-0.4141025829122E-17-0.4813962462420E-17-0.5595241071952E-17-0.6502118062381E-17
-0.7554564657839E-17-0.8775688054594E-17-0.1019221689215E-16-0.1183506069906E-16
-0.1373995439344E-16-0.1594820054803E-16-0.1850752399480E-16-0.2147305547838E-16
-0.2490846350851E-16-0.2888725635323E-16-0.3349427930620E-16-0.3882743600920E-16
-0.4499966677983E-16-0.5214122165698E-16-0.6040227131764E-16-0.6995590523179E-16
-0.8100157351757E-16-0.9376903705955E-16-0.1085228996998E-15-0.1255678068665E-15
-0.1452544070483E-15-0.1679861862719E-15-0.1942273014169E-15-0.2245115561055E-15
-0.2594526833099E-15-0.2997561221198E-15-0.3462325026777E-15-0.3998130836035E-15
-0.4615674208142E-15-0.5327235860968E-15-0.6146912988102E-15-0.7090883854592E-15
-0.8177710404991E-15-0.9428684286336E-15-0.1086822245232E-14-0.1252431938680E-14
-0.1442906398023E-14-0.1661923022978E-14-0.1913695223269E-14-0.2203049542666E-14
-0.2535513772768E-14-0.2917417615522E-14-0.3356007675329E-14-0.3859578815388E-14
-0.4437624203443E-14-0.5101006704725E-14-0.5862154660898E-14-0.6735285530448E-14
-0.7736661366613E-14-0.8884880683163E-14-0.1020121191745E-13-0.1170997445687E-13
-0.1343897406448E-13-0.1542000053890E-13-0.1768939659351E-13-0.2028870826315E-13
-0.2326542867063E-13-0.2667384874166E-13-0.3057603048207E-13-0.3504292076874E-13
-0.4015562630405E-13-0.4600687350306E-13-0.5270268068858E-13-0.6036427414319E-13
-0.6913028440010E-13-0.7915926475597E-13-0.9063258048459E-13-0.1037577247690E-12
-0.1187721261264E-12-0.1359475222761E-12-0.1555949872397E-12-0.1780707122412E-12
-0.2037826570224E-12-0.2331982069012E-12-0.2668529927201E-12-0.3053610563069E-12
-0.3494265738248E-12-0.3998573841652E-12-0.4575806102176E-12-0.5236607084529E-12
-0.5993203380079E-12-0.6859645057862E-12-0.7852085206782E-12-0.8989103798531E-12
-0.1029208315533E-11-0.1178564354500E-11-0.1349814888095E-11-0.1546229421495E-11
-0.1771578872208E-11-0.2030215024332E-11-0.2327163023685E-11-0.2668229126793E-11
-0.3060126303003E-11-0.3510620744047E-11-0.4028702871751E-11-0.4624787066887E-11
-0.5310945087813E-11-0.6101179027020E-11-0.7011740691296E-11-0.8061505515495E-11
-0.9272410564825E-11-0.1066996788599E-10-0.1228386648082E-10-0.1414867855280E-10
-0.1630468848333E-10-0.1879886630790E-10-0.2168601137516E-10-0.2503009649150E-10
-0.2890584830936E-10-0.3340060615800E-10-0.3861650912139E-10-0.4467307014530E-10
-0.5171020655458E-10-0.5989180887425E-10-0.6940994460862E-10-0.8048981105968E-10
-0.9339557181943E-10-0.1084372358143E-09-0.1259787663826E-09-0.1464476415732E-09
-0.1703461265937E-09-0.1982645661789E-09-0.2308970598129E-09-0.2690599477146E-09
-0.3137136120076E-09-0.3659881875128E-09-0.4272138825317E-09-0.4989567345525E-09
-0.5830607722201E-09-0.6816977269802E-09-0.7974256398509E-09-0.9332579459849E-09
-0.1092744897983E-08-0.1280069515285E-08-0.1500160629468E-08-0.1758826043321E-08
-0.2062909346105E-08-0.2420474540993E-08-0.2841023358156E-08-0.3335750965194E-08
-0.3917846765194E-08-0.4602848114554E-08-0.5409056123712E-08-0.6358024254377E-08
-0.7475132231506E-08-0.8790259886693E-08-0.1033857798784E-07-0.1216147593996E-07
-0.1430764952375E-07-0.1683437564060E-07-0.1980900543189E-07-0.2331071222660E-07
-0.2743253664347E-07-0.3228377794595E-07-0.3799278854977E-07-0.4471023755607E-07
-0.5261291949240E-07-0.6190819627152E-07-0.7283917392468E-07-0.8569073116308E-07
-0.1007965345164E-06-0.1185471949694E-06-0.1393997439774E-06-0.1638886328184E-06
-0.1926384888054E-06-0.2263788953383E-06-0.2659615005379E-06-0.3123798017581E-06
-0.3667920010763E-06-0.4305473804714E-06-0.5052167053094E-06-0.5926272315739E-06
-0.6949029665193E-06-0.8145109146948E-06-0.9543141321165E-06-0.1117632511268E-05
-0.1308312329086E-05-0.1530805709478E-05-0.1790261281589E-05-0.2092627455063E-05
-0.2444769883923E-05-0.2854604851271E-05-0.3331250477073E-05-0.3885197830185E-05
-0.4528504212273E-05-0.5275011073470E-05-0.6140589215665E-05-0.7143414136357E-05
-0.8304274560207E-05-0.9646917393703E-05-0.1119843251361E-04-0.1298968095783E-04
-0.1505577021824E-04-0.1743658042717E-04-0.2017734527149E-04-0.2332929143689E-04
-0.2695034025688E-04-0.3110587498429E-04-0.3586957668265E-04-0.4132433111149E-04
-0.4756320812959E-04-0.5469051405593E-04-0.6282291611936E-04-0.7209063663578E-04
-0.8263871292190E-04-0.9462831726686E-04-0.1082381294559E-03-0.1236657525034E-03
-0.1411291602227E-03-0.1608681628278E-03-0.1831458739798E-03-0.2082501589908E-03
-0.2364950395657E-03-0.2682220254253E-03-0.3038013380751E-03-0.3436329868541E-03
-0.3881476526196E-03-0.4378073302917E-03-0.4931056761765E-03-0.5545680022856E-03
-0.6227508549902E-03-0.6982411107842E-03-0.7816545201353E-03-0.8736336259463E-03
-0.9748449840700E-03-0.1085975613229E-02-0.1207728605284E-02-0.1340817831633E-02
-0.1485961692209E-02-0.1643875861823E-02-0.1815265007030E-02-0.2000813468892E-02
-0.2201174917069E-02-0.2416961031592E-02-0.2648729264081E-02-0.2896969800342E-02
-0.3162091854832E-02-0.3444409445559E-02-0.3744126900257E-02-0.4061324259020E-02
-0.4395942911656E-02-0.4747771748271E-02-0.5116434185040E-02-0.5501376609835E-02
-0.5901858742471E-02-0.6316946761403E-02-0.6745509990406E-02-0.7186222006575E-02
-0.7637566344182E-02-0.8097845858708E-02-0.8565192480663E-02-0.9037571700793E-02
-0.9512775377059E-02-0.9988399395764E-02-0.1046181184120E-01-0.1093012872976E-01
-0.1139022071054E-01-0.1183876515899E-01-0.1227233360011E-01-0.1268748583112E-01
-0.1308084754058E-01-0.1344916810866E-01-0.1378936572867E-01-0.1409856947737E-01
-0.1437416164816E-01-0.1461382045339E-01-0.1481556386114E-01-0.1497778812304E-01
-0.1509930042154E-01-0.1517934399827E-01-0.1521761203931E-01-0.1521425182984E-01
-0.1516985951963E-01-0.1508546939344E-01-0.1496252713846E-01-0.1480286402153E-01
-0.1460866852323E-01-0.1438244273714E-01-0.1412696461926E-01-0.1384524881260E-01
-0.1354050295262E-01-0.1321608896064E-01-0.1287548501409E-01-0.1252224411343E-01
-0.1215996508830E-01-0.1179225697379E-01-0.1142271081941E-01-0.1105488990195E-01
-0.1069230141746E-01-0.1033838726887E-01-0.9996511169496E-02-0.9669979998221E-02
-0.9362074113261E-02-0.9076011805718E-02-0.8815011336813E-02-0.8582413193163E-02
-0.8381641804226E-02-0.8216336886333E-02-0.8090595738586E-02-0.8008891000412E-02
-0.7976419725701E-02-0.7999656905115E-02-0.8086429745259E-02-0.8246836890531E-02
-0.8494612744538E-02
 lh                   2
 0.4010270166376E-32 0.4991798880096E-32 0.6207393710975E-32 0.7712962256501E-32
 0.9577713343975E-32 0.1188732462878E-31 0.1474786311668E-31 0.1829060336496E-31
 0.2267801865954E-31 0.2811117956608E-31 0.3483889243571E-31 0.4316900556542E-31
 0.5348238250084E-31 0.6625017153573E-31 0.8205514843191E-31 0.1016180879389E-30
 0.1258303456211E-30 0.1557941070752E-30 0.1928721022682E-30 0.2387490025661E-30
 0.2955072353600E-30 0.3657205887333E-30 0.4525697640274E-30 0.5599850016092E-30
 0.6928220965667E-30 0.8570795880180E-30 0.1060166711576E-29 0.1311233927088E-29
 0.1621580568644E-29 0.2005157528397E-29 0.2479187023952E-29 0.3064926587864E-29
 0.3788610673790E-29 0.4682610963339E-29 0.5786865906538E-29 0.7150641637082E-29
 0.8834700660988E-29 0.1091397222428E-28 0.1348083975702E-28 0.1664918716750E-28
 0.2055937812395E-28 0.2538438215956E-28 0.3133731012026E-28 0.3868068116058E-28
 0.4773781664804E-28 0.5890684597573E-28 0.7267791909018E-28 0.8965435501820E-28
 0.1105786203163E-27 0.1363642328811E-27 0.1681349331345E-27 0.2072727662266E-27
 0.2554770877632E-27 0.3148369565270E-27 0.3879199288284E-27 0.4778809425623E-27
 0.5885958016587E-27 0.7248247761206E-27 0.8924130591375E-27 0.1098536319334E-26
 0.1352001412141E-26 0.1663614541336E-26 0.2046631877387E-26 0.2517310949433E-26
 0.3095585161732E-26 0.3805888699820E-26 0.4678165077098E-26 0.5749099860235E-26
 0.7063626982517E-26 0.8676768848886E-26 0.1065588356843E-25 0.1308340862109E-25
 0.1606020968402E-25 0.1970966694657E-25 0.2418265992642E-25 0.2966364664551E-25
 0.3637807534779E-25 0.4460141833109E-25 0.5467017985022E-25 0.6699530576037E-25
 0.8207851443463E-25 0.1005321799252E-24 0.1231035334847E-24 0.1507041134261E-24
 0.1844455919436E-24 0.2256833482563E-24 0.2760694491595E-24 0.3376170514681E-24
 0.4127786689040E-24 0.5045412643679E-24 0.6165417562124E-24 0.7532072869980E-24
 0.9199255229679E-24 0.1123251365595E-23 0.1371157803495E-23 0.1673340262689E-23
 0.2041585784702E-23 0.2490220746827E-23 0.3036653723329E-23 0.3702033574851E-23
 0.4512047071997E-23 0.5497885460410E-23 0.6697415543213E-23 0.8156598315136E-23
 0.9931207200783E-23 0.1208890885310E-22 0.1471178265169E-22 0.1789937098074E-22
 0.2177237164089E-22 0.2647710705544E-22 0.3219093311598E-22 0.3912878459753E-22
 0.4755109529972E-22 0.5777338093881E-22 0.7017783314617E-22 0.8522734592660E-22
 0.1034824842706E-21 0.1256220115416E-21 0.1524677217104E-21 0.1850144792626E-21
 0.2244665594699E-21 0.2722816117410E-21 0.3302238475319E-21 0.4004283922312E-21
 0.4854791502257E-21 0.5885030294654E-21 0.7132839750955E-21 0.8644009940719E-21
 0.1047395242102E-20 0.1268972324935E-20 0.1537247279658E-20 0.1862041299272E-20
 0.2255241207673E-20 0.2731235058650E-20 0.3307440114952E-20 0.4004942976362E-20
 0.4849275909415E-20 0.5871358658130E-20 0.7108641396341E-20 0.8606492277927E-20
 0.1041988257094E-19 0.1261543401882E-19 0.1527390734085E-19 0.1849322826229E-19
 0.2239216888784E-19 0.2711482851059E-19 0.3283609020387E-19 0.3976826916429E-19
 0.4816921747754E-19 0.5835220988815E-19 0.7069800890422E-19 0.8566959841901E-19
 0.1038301870300E-18 0.1258652204047E-18 0.1526093126142E-18 0.1850792170843E-18
 0.2245142183212E-18 0.2724256478528E-18 0.3306576267833E-18 0.4014616315712E-18
 0.4875880922399E-18 0.5923989920443E-18 0.7200063806197E-18 0.8754428836614E-18
 0.1064871747222E-17 0.1295845763629E-17 0.1577626676108E-17 0.1921579459413E-17
 0.2341659360335E-17 0.2855013925352E-17 0.3482727655155E-17 0.4250743674364E-17
 0.5191005221584E-17 0.6342870266316E-17 0.7754865667488E-17 0.9486863652914E-17
 0.1161278383682E-16 0.1422394952535E-16 0.1743325896191E-16 0.2138037203463E-16
 0.2623816281096E-16 0.3222075057444E-16 0.3959349995628E-16 0.4868547819375E-16
 0.5990497940942E-16 0.7375887823187E-16 0.9087676572965E-16 0.1120410591090E-15
 0.1382245749235E-15 0.1706374286566E-15 0.2107855902125E-15 0.2605440084932E-15
 0.3222479481240E-15 0.3988070940264E-15 0.4938481205508E-15 0.6118928481862E-15
 0.7585808934651E-15 0.9409479451529E-15 0.1167773582542E-14 0.1450016027227E-14
 0.1801355559495E-14 0.2238873747723E-14 0.2783902399455E-14 0.3463084576222E-14
 0.4309700531298E-14 0.5365324540295E-14 0.6681894932043E-14 0.8324299977717E-14
 0.1037360763407E-13 0.1293109867016E-13 0.1612330193295E-13 0.2010827927706E-13
 0.2508346829008E-13 0.3129546621844E-13 0.3905223193764E-13 0.4873829873191E-13
 0.6083373437456E-13 0.7593776308899E-13 0.9479818449721E-13 0.1183479975534E-12
 0.1477509749198E-12 0.1844583502471E-12 0.2302792957369E-12 0.2874685027072E-12
 0.3588349611752E-12 0.4478769994144E-12 0.5589498321259E-12 0.6974733264774E-12
 0.8701894898852E-12 0.1085481386429E-11 0.1353767890566E-11 0.1687991997024E-11
 0.2104224457373E-11 0.2622409467745E-11 0.3267285183029E-11 0.4069519215355E-11
 0.5067108271892E-11 0.6307102039365E-11 0.7847724739341E-11 0.9760983950120E-11
 0.1213587590586E-10 0.1508232024373E-10 0.1873598591501E-10 0.2326420470534E-10
 0.2887321071137E-10 0.3581699461000E-10 0.4440812230027E-10 0.5503094047816E-10
 0.6815767924835E-10 0.8436806671076E-10 0.1043731957916E-09 0.1290445331122E-09
 0.1594491376954E-09 0.1968923687132E-09 0.2429696119059E-09 0.2996288501552E-09
 0.3692462523243E-09 0.4547173644042E-09 0.5595669680767E-09 0.6880812355646E-09
 0.8454664695151E-09 0.1038039488531E-08 0.1273455619634E-08 0.1560981309495E-08
 0.1911819587723E-08 0.2339498029815E-08 0.2860330501185E-08 0.3493965837142E-08
 0.4264038756858E-08 0.5198940749957E-08 0.6332731453402E-08 0.7706214189918E-08
 0.9368202912352E-08 0.1137701184178E-07 0.1380220360135E-07 0.1672663672440E-07
 0.2024885903564E-07 0.2448589960922E-07 0.2957651890563E-07 0.3568498413571E-07
 0.4300544513287E-07 0.5176699486161E-07 0.6223950827500E-07 0.7474036345175E-07
 0.8964215998903E-07 0.1073815610725E-06 0.1284693979965E-06 0.1535021890054E-06
 0.1831752369089E-06 0.2182974854947E-06 0.2598083268109E-06 0.3087965687601E-06
 0.3665217860324E-06 0.4344382901186E-06 0.5142219762791E-06 0.6078003075272E-06
 0.7173857249744E-06 0.8455127806991E-06 0.9950793113100E-06 0.1169392021713E-05
 0.1372216879162E-05 0.1607834844254E-05 0.1881103572188E-05 0.2197525870049E-05
 0.2563325730050E-05 0.2985532480570E-05 0.3472072645383E-05 0.4031867385399E-05
 0.4674931077950E-05 0.5412465597881E-05 0.6256945682200E-05 0.7222199613197E-05
 0.8323496769529E-05 0.9577658249200E-05 0.1100319981593E-04 0.1262049538818E-04
 0.1445194759813E-04 0.1652215574144E-04 0.1885808257825E-04 0.2148922780474E-04
 0.2444780856385E-04 0.2776895981037E-04 0.3149095244891E-04 0.3565543170807E-04
 0.4030767904921E-04 0.4549689655749E-04 0.5127651375710E-04 0.5770451296391E-04
 0.6484379492580E-04 0.7276256053807E-04 0.8153472699603E-04 0.9124039417330E-04
 0.1019663936045E-03 0.1138068551081E-03 0.1268639056037E-03 0.1412485010083E-03
 0.1570814279106E-03 0.1744945824989E-03 0.1936325568114E-03 0.2146546652764E-03
 0.2377377035771E-03 0.2630794518170E-03 0.2909034088780E-03 0.3214655126560E-03
 0.3550627226424E-03 0.3920449954027E-03 0.4328314552049E-03 0.4779336891488E-03
 0.5279882824179E-03 0.5837979171721E-03 0.6463931816595E-03 0.7171226810766E-03
 0.7977661056691E-03 0.8907034602241E-03 0.9991626773557E-03 0.1127527292327E-02
 0.1281811413577E-02 0.1470355060182E-02 0.1704708899909E-02 0.2000993030058E-02
 0.2381886086597E-02
 lh                   3
 0.1771309391415E-42 0.2353537428564E-42 0.3117125421184E-42 0.4119378146885E-42
 0.5435569990524E-42 0.7164586853654E-42 0.9436353730640E-42 0.1242150475624E-41
 0.1634418327521E-41 0.2149879176032E-41 0.2827197488176E-41 0.3717148446560E-41
 0.4886405291504E-41 0.6422509164679E-41 0.8440389606254E-41 0.1109091868916E-40
 0.1457213171477E-40 0.1914394403341E-40 0.2514745099972E-40 0.3303023529397E-40
 0.4337954737956E-40 0.5696580295756E-40 0.7479959801168E-40 0.9820643246603E-40
 0.1289246295605E-39 0.1692336338306E-39 0.2221220889464E-39 0.2915079981611E-39
 0.3825270644318E-39 0.5019102682410E-39 0.6584782262778E-39 0.8637883501114E-39
 0.1132981899846E-38 0.1485892498108E-38 0.1948496571164E-38 0.2554810868375E-38
 0.3349374441123E-38 0.4390494535523E-38 0.5754490764043E-38 0.7541243570977E-38
 0.9881446477670E-38 0.1294608350357E-37 0.1695881212510E-37 0.2221213937149E-37
 0.2908854875873E-37 0.3808808771723E-37 0.4986438366696E-37 0.6527165404570E-37
 0.8542605313575E-37 0.1117857107033E-36 0.1462551347271E-36 0.1913213643768E-36
 0.2502314887469E-36 0.3272240459384E-36 0.4278305861085E-36 0.5592685808412E-36
 0.7309532265194E-36 0.9551639581672E-36 0.1247912228752E-35 0.1630071051067E-35
 0.2128844895809E-35 0.2779682021740E-35 0.3628761776322E-35 0.4736228911895E-35
 0.6180398184145E-35 0.8063218891717E-35 0.1051737504719E-34 0.1371550831849E-34
 0.1788219521498E-34 0.2330949686592E-34 0.3037714161859E-34 0.3957871367436E-34
 0.5155562587344E-34 0.6714117837456E-34 0.8741768198639E-34 0.1137904999772E-33
 0.1480839929455E-33 0.1926658120886E-33 0.2506078727416E-33 0.3258947758342E-33
 0.4236935889725E-33 0.5507029560764E-33 0.7156047387341E-33 0.9296481433433E-33
 0.1207404992925E-32 0.1567746023863E-32 0.2035102549634E-32 0.2641096466897E-32
 0.3426645581646E-32 0.4444682143826E-32 0.5763662277029E-32 0.7472095218955E-32
 0.9684387216281E-32 0.1254837974312E-31 0.1625507082817E-31 0.2105114860787E-31
 0.2725514666413E-31 0.3527826267290E-31 0.4565118003842E-31 0.5905861532733E-31
 0.7638380658279E-31 0.9876578996286E-31 0.1276731243413E-30 0.1649987665042E-30
 0.2131821387494E-30 0.2753661498999E-30 0.3555991375164E-30 0.4590945313303E-30
 0.5925646724658E-30 0.7646498865920E-30 0.9864698924850E-30 0.1272332303322E-29
 0.1640642824286E-29 0.2115074379496E-29 0.2726068599504E-29 0.3512763875007E-29
 0.4525470824569E-29 0.5828850190450E-29 0.7505991990989E-29 0.9663650944550E-29
 0.1243896523277E-28 0.1600807807179E-28 0.2059720005956E-28 0.2649680224344E-28
 0.3407982477481E-28 0.4382503603993E-28 0.5634699788460E-28 0.7243450402257E-28
 0.9309988667258E-28 0.1196422639762E-27 0.1537286703063E-27 0.1974981278165E-27
 0.2536951507630E-27 0.3258410146249E-27 0.4184534861579E-27 0.5373287479594E-27
 0.6899031547133E-27 0.8857174764534E-27 0.1137012737146E-26 0.1459495057613E-26
 0.1873317593070E-26 0.2404341405175E-26 0.3085754814669E-26 0.3960153591543E-26
 0.5082213739262E-26 0.6522126538383E-26 0.8370014418710E-26 0.1074160934810E-25
 0.1378555693387E-25 0.1769281474310E-25 0.2270874948665E-25 0.2914871380416E-25
 0.3741811129205E-25 0.4803825355935E-25 0.6167969554900E-25 0.7920523127238E-25
 0.1017253755467E-24 0.1306699927451E-24 0.1678808189815E-24 0.2157310353300E-24
 0.2772798856792E-24 0.3564727232065E-24 0.4583999838442E-24 0.5896326456790E-24
 0.7586570312424E-24 0.9764387271855E-24 0.1257154434476E-23 0.1619142380768E-23
 0.2086137391045E-23 0.2688876962259E-23 0.3467191220951E-23 0.4472724435092E-23
 0.5772481402952E-23 0.7453451982501E-23 0.9628645781082E-23 0.1244497256481E-22
 0.1609354015821E-22 0.2082312090636E-22 0.2695777392898E-22 0.3491992161778E-22
 0.4526058920604E-22 0.5869905763226E-22 0.7617489453516E-22 0.9891627191991E-22
 0.1285297258305E-21 0.1671181613338E-21 0.2174360852013E-21 0.2830939311712E-21
 0.3688271569891E-21 0.4808508414730E-21 0.6273271953683E-21 0.8189822545967E-21
 0.1069919755603E-20 0.1398695737595E-20 0.1829738019769E-20 0.2395222013781E-20
 0.3137550542688E-20 0.4112633352829E-20 0.5394225678894E-20 0.7079669667413E-20
 0.9297494461749E-20 0.1221747929563E-19 0.1606398095812E-19 0.2113358829126E-19
 0.2781851292042E-19 0.3663758497094E-19 0.4827733189232E-19 0.6364642643785E-19
 0.8394786088362E-19 0.1107746241680E-18 0.1462365398856E-18 0.1931284155890E-18
 0.2551529555088E-18 0.3372162611685E-18 0.4458195331040E-18 0.5895782485802E-18
 0.7799102276503E-18 0.1031947408650E-17 0.1365743883642E-17 0.1807876177841E-17
 0.2393562717597E-17 0.3169470319914E-17 0.4197429512501E-17 0.5559351713778E-17
 0.7363735231448E-17 0.9754270855483E-17 0.1292122095244E-16 0.1711646078044E-16
 0.2267335345276E-16 0.3003300182878E-16 0.3977890941779E-16 0.5268272453365E-16
 0.6976458500212E-16 0.9237268682796E-16 0.1222881504598E-15 0.1618631583746E-15
 0.2142028253862E-15 0.2834045176625E-15 0.3748725910729E-15 0.4957320771329E-15
 0.6553720986639E-15 0.8661592572406E-15 0.1144373561081E-14 0.1511435510043E-14
 0.1995513828846E-14 0.2633630467720E-14 0.3474414712091E-14 0.4581703931787E-14
 0.6039247708147E-14 0.7956848727385E-14 0.1047837295626E-13 0.1379218967349E-13
 0.1814476717196E-13 0.2385836291357E-13 0.3135402104892E-13 0.4118144261229E-13
 0.5405774610545E-13 0.7091771619524E-13 0.9297888087968E-13 0.1218257071017E-12
 0.1595184175722E-12 0.2087334785722E-12 0.2729447793325E-12 0.3566570312603E-12
 0.4657061017845E-12 0.6076450407171E-12 0.7922396795776E-12 0.1032104162650E-11
 0.1343514949136E-11 0.1747452137232E-11 0.2270929939857E-11 0.2948694451700E-11
 0.3825387310613E-11 0.4958299490503E-11 0.6420871509355E-11 0.8307136336089E-11
 0.1073735110540E-10 0.1386512569719E-10 0.1788643313007E-10 0.2305098192858E-10
 0.2967654834233E-10 0.3816701151350E-10 0.4903501350047E-10 0.6293038573699E-10
 0.8067575292859E-10 0.1033110550235E-09 0.1321491305451E-09 0.1688449954051E-09
 0.2154820476967E-09 0.2746791542993E-09 0.3497234516568E-09 0.4447347551223E-09
 0.5648687507045E-09 0.7165676813636E-09 0.9078690955172E-09 0.1148785434073E-08
 0.1451769895215E-08 0.1832287184102E-08 0.2309511547051E-08 0.2907179058392E-08
 0.3654626586931E-08 0.4588056549760E-08 0.5752074608420E-08 0.7201557214837E-08
 0.9003917200210E-08 0.1124184798881E-07 0.1401663848905E-07 0.1745215919945E-07
 0.2169962462739E-07 0.2694324110318E-07 0.3340686673136E-07 0.4136185775633E-07
 0.5113635975677E-07 0.6312639163289E-07 0.7780909774423E-07 0.9575850515266E-07
 0.1176641023672E-06 0.1443526268711E-06 0.1768135555836E-06 0.2162289169534E-06
 0.2640081225992E-06 0.3218286091132E-06 0.3916832297729E-06 0.4759353587442E-06
 0.5773828281256E-06 0.6993319621454E-06 0.8456830127882E-06 0.1021028442637E-05
 0.1230765680084E-05 0.1481226323100E-05 0.1779822844232E-05 0.2135215583553E-05
 0.2557502350171E-05 0.3058430818242E-05 0.3651637822509E-05 0.4352917425478E-05
 0.5180518845781E-05 0.6155478473216E-05 0.7301987927922E-05 0.8647798908131E-05
 0.1022467517436E-04 0.1206888873509E-04 0.1422177391249E-04 0.1673036765542E-04
 0.1964812431614E-04 0.2303576696773E-04 0.2696230438789E-04 0.3150637731737E-04
 0.3675805611353E-04 0.4282103830715E-04 0.4981600533609E-04 0.5788578730370E-04
 0.6720193636728E-04 0.7797522435165E-04 0.9047210717944E-04 0.1050356706636E-03
 0.1221203328532E-03 0.1423460492070E-03 0.1665696347249E-03 0.1960016094476E-03
 0.2323875779271E-03
 ng3                204
 0.6321349227890E-01 0.9278371532078E-02 0.1869970376410E-02 0.2690008791536E-03
-0.1423058147660E-03-0.2343770581385E-03-0.7340286706525E-04 0.5459944243035E-05
 0.2528076798727E-04 0.6089955292510E-04 0.7680991947832E-04 0.6350926882509E-04
 0.5494749695787E-04 0.3505056568597E-04 0.1992005050358E-04 0.1843055664372E-04
-0.2243767004246E-05-0.8446972117274E-05-0.7832071750599E-05-0.9103277916789E-05
-0.6889808088107E-05-0.8736563808989E-05-0.4501470367945E-05-0.5116242001623E-05
-0.1537283490295E-05 0.1904656179900E-05 0.2777451714480E-05 0.3880643076017E-05
 0.7458665034761E-05 0.5887427214809E-05 0.4055741030903E-05 0.4543446659430E-05
 0.4266717937794E-05 0.3737108626645E-05 0.4370827779437E-05 0.3392418228604E-05
 0.2380990652705E-05 0.2711392845492E-06-0.6543158571318E-06-0.1194196144013E-05
-0.5797478726156E-06-0.2853474124547E-05-0.1038281509686E-05-0.3083573637760E-05
-0.2495386251464E-05-0.1260689278211E-05-0.3555379123921E-05-0.1237681087063E-05
-0.1901495452735E-05-0.1933823886457E-05-0.2761960908471E-05-0.1716969748718E-05
-0.1590155065912E-05-0.7950706762024E-06-0.1495145107665E-05-0.4152695382371E-06
-0.5513471230754E-06 0.1340720357399E-05 0.8053348170246E-06 0.1122646678951E-05
 0.8269719710371E-06 0.9725240635488E-06-0.2838787223081E-06 0.9724498925041E-06
 0.2399028774731E-05 0.2969170540327E-05 0.5054578205169E-06 0.2459912365477E-05
 0.1488373036948E-06 0.2630200744104E-05 0.1616957885060E-05 0.1622050199090E-05
 0.2036595247366E-05-0.2766074960893E-07-0.2485191426471E-06 0.1368524536303E-05
 0.6608018503772E-07-0.5138109747878E-06-0.9415904686704E-06-0.1133355354652E-05
 0.4085440428055E-06 0.1900327102206E-06-0.1411028497751E-05-0.2425031281768E-07
-0.1433163139051E-05-0.4394304318057E-06-0.1614694202930E-05-0.1057783796281E-05
-0.5850166528843E-06-0.2844155339831E-05-0.1491916803989E-05-0.1731590013902E-06
-0.1133532655143E-05-0.2018194979969E-06-0.1367102060191E-05-0.1290836174288E-05
-0.7868914759339E-06-0.4029551026996E-06 0.3788425136083E-06-0.2485191426496E-06
 0.5880635771354E-06-0.7869860579400E-06 0.2986041555675E-06-0.6372918556344E-07
 0.6608018503716E-07 0.1638582620207E-05-0.6170324974867E-06 0.3037173434449E-06
 0.1900327102207E-06 0.2517032157335E-06 0.1243959167054E-05-0.4394304318056E-06
 0.3809406315766E-06-0.5850166528843E-06 0.7691490779737E-06-0.2749054781366E-06
 0.3250586148639E-05-0.1731590013903E-06-0.5081303798415E-06-0.2018194979967E-06
 0.2030072639561E-05 0.2969170540327E-05 0.1616957885060E-05 0.5880635771357E-06
-0.7367629498096E-06 0.1472736335736E-05-0.6372918556358E-07 0.2986041555675E-06
-0.9415904686707E-06 0.1638582620207E-05-0.8820127002493E-07-0.1411028497751E-05
 0.2517032157337E-06-0.3834926929830E-06-0.1433163139051E-05 0.7691490779737E-06
 0.9725240635490E-06-0.1491916803989E-05 0.9724498925043E-06-0.2018194979966E-06
-0.5081303798415E-06 0.2459912365477E-05-0.7367629498094E-06-0.7869860579401E-06
 0.2986041555673E-06-0.6372918556337E-07-0.8808294674831E-07-0.9415904686708E-06
 0.4085440428054E-06 0.3324399678184E-06 0.3037173434448E-06-0.1411028497751E-05
-0.3834926929832E-06-0.5850166528844E-06 0.1122646678950E-05-0.1731590013902E-06
 0.9724498925043E-06 0.2030072639561E-05-0.1290836174288E-05 0.1616957885060E-05
 0.1638582620207E-05-0.6170324974869E-06 0.3037173434450E-06 0.1900327102206E-06
-0.1411028497751E-05-0.4394304318057E-06 0.1122646678951E-05 0.9725240635491E-06
-0.1367102060191E-05 0.2969170540327E-05-0.7868914759336E-06 0.6608018503728E-07
 0.2517032157335E-06-0.1433163139051E-05-0.5850166528842E-06-0.2844155339831E-05
 0.9724498925041E-06-0.1367102060191E-05 0.2969170540327E-05-0.2485191426501E-06
-0.1614694202931E-05 0.3250586148639E-05-0.2018194979969E-06 0.2459912365477E-05
-0.1290836174288E-05 0.1616957885060E-05 0.6608018503716E-07-0.1614694202930E-05
 0.5880635771357E-06-0.7869860579402E-06-0.9415904686708E-06 0.1900327102207E-06
-0.2844155339831E-05 0.7691490779737E-06-0.1491916803989E-05-0.1731590013903E-06
-0.7868914759337E-06 0.1472736335736E-05 0.2986041555676E-06-0.6170324974869E-06
-0.5081303798413E-06 0.2030072639561E-05-0.3834926929828E-06 0.3324399678186E-06
